5.250251e+002,5.483231e-002
5.255073e+002,6.890525e-002
5.259894e+002,7.833821e-002
5.264715e+002,8.263157e-002
5.269536e+002,8.238907e-002
5.274357e+002,7.901621e-002
5.279178e+002,7.399590e-002
5.284000e+002,6.854765e-002
5.288821e+002,6.346999e-002
5.293642e+002,5.913778e-002
5.298463e+002,5.565249e-002
5.303284e+002,5.289412e-002
5.308105e+002,5.061452e-002
5.312927e+002,4.853002e-002
5.317748e+002,4.645149e-002
5.322569e+002,4.438645e-002
5.327390e+002,4.255011e-002
5.332211e+002,4.127758e-002
5.337032e+002,4.081558e-002
5.341854e+002,4.113916e-002
5.346675e+002,4.180294e-002
5.351496e+002,4.205927e-002
5.356317e+002,4.101238e-002
5.361138e+002,3.800482e-002
5.365959e+002,3.287333e-002
5.370781e+002,2.607412e-002
5.375602e+002,1.858037e-002
5.380423e+002,1.154564e-002
5.385244e+002,6.000109e-003
5.390065e+002,2.464876e-003
5.394886e+002,9.249002e-004
5.399708e+002,9.815022e-004
5.404529e+002,2.131138e-003
5.409350e+002,4.004493e-003
5.414171e+002,6.464180e-003
5.418992e+002,9.567156e-003
5.423813e+002,1.338341e-002
5.428635e+002,1.782348e-002
5.433456e+002,2.257606e-002
5.438277e+002,2.713233e-002
5.443098e+002,3.091057e-002
5.447919e+002,3.348229e-002
5.452740e+002,3.468587e-002
5.457562e+002,3.473258e-002
5.462383e+002,3.407425e-002
5.467204e+002,3.321907e-002
5.472025e+002,3.244180e-002
5.476846e+002,3.165015e-002
5.481667e+002,3.041702e-002
5.486489e+002,2.820022e-002
5.491310e+002,2.463993e-002
5.496131e+002,1.973345e-002
5.500952e+002,1.394175e-002
5.505773e+002,8.059412e-003
5.510594e+002,3.139675e-003
5.515416e+002,2.068728e-004
5.520237e+002,0.000000e+000
5.525058e+002,2.815854e-003
5.529879e+002,8.321829e-003
5.534700e+002,1.566987e-002
5.539521e+002,2.369454e-002
5.544343e+002,3.133166e-002
5.549164e+002,3.781975e-002
5.553985e+002,4.270098e-002
5.558806e+002,4.579317e-002
5.563627e+002,4.703022e-002
5.568448e+002,4.636614e-002
5.573270e+002,4.377289e-002
5.578091e+002,3.931160e-002
5.582912e+002,3.327433e-002
5.587733e+002,2.625544e-002
5.592554e+002,1.923029e-002
5.597375e+002,1.347343e-002
5.602197e+002,1.017855e-002
5.607018e+002,1.019978e-002
5.611839e+002,1.362838e-002
5.616660e+002,1.971428e-002
5.621481e+002,2.698993e-002
5.626302e+002,3.371118e-002
5.631124e+002,3.845320e-002
5.635945e+002,4.031879e-002
5.640766e+002,3.922287e-002
5.645587e+002,3.577819e-002
5.650408e+002,3.110314e-002
5.655229e+002,2.641883e-002
5.660051e+002,2.266631e-002
5.664872e+002,2.041175e-002
5.669693e+002,1.975366e-002
5.674514e+002,2.048309e-002
5.679335e+002,2.224949e-002
5.684156e+002,2.473753e-002
5.688978e+002,2.772248e-002
5.693799e+002,3.099928e-002
5.698620e+002,3.430793e-002
5.703441e+002,3.727211e-002
5.708262e+002,3.939415e-002
5.713083e+002,4.023215e-002
5.717905e+002,3.955848e-002
5.722726e+002,3.750658e-002
5.727547e+002,3.457065e-002
5.732368e+002,3.150186e-002
5.737189e+002,2.913862e-002
5.742010e+002,2.814577e-002
5.746832e+002,2.892351e-002
5.751653e+002,3.145320e-002
5.756474e+002,3.526467e-002
5.761295e+002,3.947312e-002
5.766116e+002,4.300277e-002
5.770938e+002,4.497787e-002
5.775759e+002,4.487724e-002
5.780580e+002,4.269860e-002
5.785401e+002,3.889409e-002
5.790222e+002,3.431392e-002
5.795043e+002,3.001893e-002
5.799865e+002,2.697505e-002
5.804686e+002,2.587189e-002
5.809507e+002,2.682467e-002
5.814328e+002,2.937194e-002
5.819149e+002,3.259367e-002
5.823970e+002,3.544679e-002
5.828792e+002,3.710462e-002
5.833613e+002,3.712042e-002
5.838434e+002,3.559522e-002
5.843255e+002,3.306373e-002
5.848076e+002,3.031746e-002
5.852897e+002,2.807585e-002
5.857719e+002,2.680646e-002
5.862540e+002,2.667889e-002
5.867361e+002,2.757907e-002
5.872182e+002,2.922175e-002
5.877003e+002,3.123709e-002
5.881824e+002,3.328648e-002
5.886646e+002,3.509213e-002
5.891467e+002,3.644666e-002
5.896288e+002,3.723048e-002
5.901109e+002,3.738914e-002
5.905930e+002,3.695339e-002
5.910751e+002,3.604604e-002
5.915573e+002,3.489044e-002
5.920394e+002,3.376551e-002
5.925215e+002,3.290677e-002
5.930036e+002,3.245426e-002
5.934857e+002,3.240941e-002
5.939678e+002,3.266441e-002
5.944500e+002,3.305230e-002
5.949321e+002,3.341036e-002
5.954142e+002,3.362960e-002
5.958963e+002,3.365068e-002
5.963784e+002,3.345606e-002
5.968605e+002,3.304068e-002
5.973427e+002,3.239406e-002
5.978248e+002,3.151214e-002
5.983069e+002,3.043225e-002
5.987890e+002,2.927629e-002
5.992711e+002,2.825135e-002
5.997532e+002,2.759529e-002
6.002354e+002,2.749328e-002
6.007175e+002,2.795652e-002
6.011996e+002,2.879226e-002
6.016817e+002,2.963703e-002
6.021638e+002,3.011238e-002
6.026459e+002,2.995262e-002
6.031281e+002,2.911460e-002
6.036102e+002,2.781179e-002
6.040923e+002,2.645830e-002
6.045744e+002,2.553837e-002
6.050565e+002,2.539319e-002
6.055386e+002,2.611563e-002
6.060208e+002,2.749240e-002
6.065029e+002,2.910881e-002
6.069850e+002,3.047240e-002
6.074671e+002,3.119508e-002
6.079492e+002,3.113514e-002
6.084313e+002,3.040708e-002
6.089135e+002,2.933254e-002
6.093956e+002,2.827756e-002
6.098777e+002,2.755264e-002
6.103598e+002,2.729369e-002
6.108419e+002,2.745266e-002
6.113240e+002,2.785391e-002
6.118062e+002,2.829592e-002
6.122883e+002,2.864990e-002
6.127704e+002,2.889786e-002
6.132525e+002,2.913504e-002
6.137346e+002,2.951133e-002
6.142167e+002,3.017745e-002
6.146989e+002,3.121413e-002
6.151810e+002,3.260226e-002
6.156631e+002,3.422213e-002
6.161452e+002,3.589401e-002
6.166273e+002,3.743172e-002
6.171094e+002,3.868409e-002
6.175916e+002,3.958683e-002
6.180737e+002,4.016410e-002
6.185558e+002,4.052184e-002
6.190379e+002,4.080447e-002
6.195200e+002,4.116242e-002
6.200021e+002,4.170750e-002
6.204843e+002,4.247331e-002
6.209664e+002,4.339942e-002
6.214485e+002,4.433082e-002
6.219306e+002,4.506355e-002
6.224127e+002,4.537450e-002
6.228948e+002,4.508529e-002
6.233770e+002,4.412309e-002
6.238591e+002,4.254711e-002
6.243412e+002,4.056097e-002
6.248233e+002,3.845736e-002
6.253054e+002,3.658209e-002
6.257875e+002,3.523948e-002
6.262697e+002,3.461345e-002
6.267518e+002,3.475650e-002
6.272339e+002,3.557458e-002
6.277160e+002,3.686903e-002
6.281981e+002,3.835789e-002
6.286802e+002,3.974103e-002
6.291624e+002,4.075953e-002
6.296445e+002,4.122076e-002
6.301266e+002,4.106133e-002
6.306087e+002,4.035268e-002
6.310908e+002,3.929381e-002
6.315729e+002,3.814966e-002
6.320551e+002,3.718494e-002
6.325372e+002,3.661209e-002
6.330193e+002,3.652254e-002
6.335014e+002,3.687939e-002
6.339835e+002,3.752841e-002
6.344656e+002,3.826173e-002
6.349478e+002,3.887009e-002
6.354299e+002,3.919811e-002
6.359120e+002,3.918869e-002
6.363941e+002,3.887673e-002
6.368762e+002,3.837457e-002
6.373583e+002,3.782620e-002
6.378405e+002,3.738791e-002
6.383226e+002,3.719634e-002
6.388047e+002,3.733905e-002
6.392868e+002,3.785074e-002
6.397689e+002,3.869628e-002
6.402510e+002,3.977788e-002
6.407332e+002,4.093640e-002
6.412153e+002,4.198393e-002
6.416974e+002,4.275408e-002
6.421795e+002,4.312301e-002
6.426616e+002,4.305328e-002
6.431437e+002,4.259972e-002
6.436259e+002,4.190126e-002
6.441080e+002,4.114397e-002
6.445901e+002,4.050770e-002
6.450722e+002,4.014262e-002
6.455543e+002,4.012315e-002
6.460364e+002,4.044561e-002
6.465186e+002,4.103333e-002
6.470007e+002,4.175951e-002
6.474828e+002,4.247210e-002
6.479649e+002,4.300478e-002
6.484470e+002,4.321645e-002
6.489291e+002,4.300775e-002
6.494113e+002,4.234539e-002
6.498934e+002,4.128311e-002
6.503755e+002,3.996885e-002
6.508576e+002,3.863870e-002
6.513397e+002,3.755056e-002
6.518218e+002,3.693910e-002
6.523040e+002,3.693683e-002
6.527861e+002,3.752156e-002
6.532682e+002,3.851408e-002
6.537503e+002,3.961664e-002
6.542324e+002,4.051884e-002
6.547145e+002,4.095475e-002
6.551967e+002,4.079069e-002
6.556788e+002,4.005551e-002
6.561609e+002,3.892290e-002
6.566430e+002,3.765236e-002
6.571251e+002,3.649018e-002
6.576072e+002,3.562636e-002
6.580894e+002,3.513423e-002
6.585715e+002,3.497746e-002
6.590536e+002,3.503852e-002
6.595357e+002,3.517644e-002
6.600178e+002,3.528323e-002
6.604999e+002,3.531150e-002
6.609821e+002,3.529271e-002
6.614642e+002,3.531668e-002
6.619463e+002,3.550821e-002
6.624284e+002,3.597827e-002
6.629105e+002,3.678979e-002
6.633926e+002,3.793819e-002
6.638748e+002,3.935203e-002
6.643569e+002,4.091728e-002
6.648390e+002,4.249565e-002
6.653211e+002,4.396091e-002
6.658032e+002,4.518326e-002
6.662853e+002,4.601027e-002
6.667675e+002,4.626643e-002
6.672496e+002,4.577620e-002
6.677317e+002,4.449090e-002
6.682138e+002,4.262472e-002
6.686959e+002,4.062992e-002
6.691780e+002,3.891728e-002
6.696602e+002,3.764435e-002
6.701423e+002,3.678258e-002
6.706244e+002,3.625646e-002
6.711065e+002,3.602646e-002
6.715886e+002,3.610553e-002
6.720707e+002,3.652762e-002
6.725529e+002,3.730460e-002
6.730350e+002,3.839444e-002
6.735171e+002,3.969061e-002
6.739992e+002,4.105632e-002
6.744813e+002,4.235284e-002
6.749634e+002,4.349057e-002
6.754456e+002,4.444053e-002
6.759277e+002,4.521727e-002
6.764098e+002,4.584987e-002
6.768919e+002,4.634953e-002
6.773740e+002,4.669349e-002
6.778561e+002,4.683479e-002
6.783383e+002,4.673087e-002
6.788204e+002,4.638012e-002
6.793025e+002,4.584765e-002
6.797846e+002,4.526727e-002
6.802667e+002,4.482425e-002
6.807488e+002,4.469009e-002
6.812310e+002,4.498200e-002
6.817131e+002,4.572433e-002
6.821952e+002,4.684353e-002
6.826773e+002,4.818428e-002
6.831594e+002,4.954226e-002
6.836415e+002,5.072413e-002
6.841237e+002,5.156823e-002
6.846058e+002,5.198153e-002
6.850879e+002,5.195667e-002
6.855700e+002,5.156083e-002
6.860521e+002,5.092283e-002
6.865342e+002,5.019586e-002
6.870164e+002,4.955054e-002
6.874985e+002,4.913735e-002
6.879806e+002,4.905213e-002
6.884627e+002,4.932174e-002
6.889448e+002,4.988845e-002
6.894269e+002,5.063666e-002
6.899091e+002,5.141905e-002
6.903912e+002,5.211095e-002
6.908733e+002,5.264530e-002
6.913554e+002,5.301639e-002
6.918375e+002,5.327473e-002
6.923196e+002,5.349423e-002
6.928018e+002,5.374404e-002
6.932839e+002,5.405402e-002
6.937660e+002,5.440628e-002
6.942481e+002,5.473930e-002
6.947302e+002,5.497990e-002
6.952123e+002,5.506887e-002
6.956945e+002,5.498941e-002
6.961766e+002,5.478005e-002
6.966587e+002,5.453097e-002
6.971408e+002,5.436935e-002
6.976229e+002,5.442005e-002
6.981050e+002,5.478593e-002
6.985872e+002,5.552017e-002
6.990693e+002,5.660751e-002
6.995514e+002,5.796097e-002
7.000335e+002,5.942831e-002
7.005156e+002,6.083399e-002
7.009977e+002,6.199735e-002
7.014799e+002,6.277963e-002
7.019620e+002,6.311871e-002
7.024441e+002,6.303716e-002
7.029262e+002,6.264392e-002
7.034083e+002,6.209951e-002
7.038904e+002,6.159399e-002
7.043726e+002,6.129122e-002
7.048547e+002,6.129189e-002
7.053368e+002,6.163175e-002
7.058189e+002,6.228233e-002
7.063010e+002,6.317966e-002
7.067831e+002,6.424294e-002
7.072653e+002,6.539815e-002
7.077474e+002,6.658442e-002
7.082295e+002,6.774204e-002
7.087116e+002,6.881125e-002
7.091937e+002,6.972753e-002
7.096758e+002,7.042335e-002
7.101580e+002,7.085356e-002
7.106401e+002,7.101298e-002
7.111222e+002,7.095818e-002
7.116043e+002,7.080173e-002
7.120864e+002,7.069983e-002
7.125685e+002,7.082260e-002
7.130507e+002,7.130130e-002
7.135328e+002,7.221124e-002
7.140149e+002,7.355200e-002
7.144970e+002,7.525731e-002
7.149791e+002,7.720982e-002
7.154612e+002,7.927167e-002
7.159434e+002,8.132501e-002
7.164255e+002,8.327985e-002
7.169076e+002,8.509046e-002
7.173897e+002,8.675153e-002
7.178718e+002,8.828518e-002
7.183539e+002,8.972534e-002
7.188361e+002,9.109896e-002
7.193182e+002,9.241403e-002
7.198003e+002,9.364692e-002
7.202824e+002,9.474438e-002
7.207645e+002,9.562521e-002
7.212466e+002,9.620117e-002
7.217288e+002,9.639929e-002
7.222109e+002,9.617386e-002
7.226930e+002,9.552214e-002
7.231751e+002,9.447908e-002
7.236572e+002,9.310843e-002
7.241393e+002,9.148104e-002
7.246215e+002,8.966349e-002
7.251036e+002,8.771913e-002
7.255857e+002,8.570753e-002
7.260678e+002,8.369400e-002
7.265499e+002,8.175483e-002
7.270320e+002,7.995906e-002
7.275142e+002,7.835555e-002
7.279963e+002,7.695256e-002
7.284784e+002,7.571007e-002
7.289605e+002,7.454608e-002
7.294426e+002,7.335951e-002
7.299247e+002,7.207054e-002
7.304069e+002,7.064383e-002
7.308890e+002,6.910648e-002
7.313711e+002,6.753521e-002
7.318532e+002,6.603687e-002
7.323353e+002,6.471056e-002
7.328174e+002,6.361347e-002
7.332996e+002,6.275562e-002
7.337817e+002,6.209975e-002
7.342638e+002,6.158587e-002
7.347459e+002,6.114843e-002
7.352280e+002,6.074083e-002
7.357101e+002,6.034251e-002
7.361923e+002,5.995171e-002
7.366744e+002,5.957356e-002
7.371565e+002,5.920325e-002
7.376386e+002,5.881473e-002
7.381207e+002,5.835934e-002
7.386028e+002,5.777826e-002
7.390850e+002,5.701531e-002
7.395671e+002,5.604469e-002
7.400492e+002,5.488595e-002
7.405313e+002,5.361488e-002
7.410134e+002,5.235013e-002
7.414955e+002,5.123198e-002
7.419777e+002,5.039547e-002
7.424598e+002,4.992229e-002
7.429419e+002,4.982522e-002
7.434240e+002,5.004010e-002
7.439061e+002,5.045187e-002
7.443882e+002,5.092178e-002
7.448704e+002,5.132502e-002
7.453525e+002,5.158567e-002
7.458346e+002,5.167645e-002
7.463167e+002,5.160996e-002
7.467988e+002,5.141125e-002
7.472809e+002,5.109655e-002
7.477631e+002,5.066016e-002
7.482452e+002,5.008298e-002
7.487273e+002,4.934901e-002
7.492094e+002,4.846820e-002
7.496915e+002,4.748289e-002
7.501736e+002,4.646565e-002
7.506558e+002,4.549464e-002
7.511379e+002,4.462684e-002
7.516200e+002,4.388750e-002
7.521021e+002,4.326778e-002
7.525842e+002,4.274185e-002
7.530663e+002,4.228737e-002
7.535485e+002,4.190451e-002
7.540306e+002,4.161692e-002
7.545127e+002,4.146270e-002
7.549948e+002,4.146993e-002
7.554769e+002,4.164010e-002
7.559590e+002,4.193854e-002
7.564412e+002,4.230411e-002
7.569233e+002,4.266670e-002
7.574054e+002,4.296434e-002
7.578875e+002,4.316226e-002
7.583696e+002,4.325115e-002
7.588517e+002,4.323648e-002
7.593339e+002,4.312430e-002
7.598160e+002,4.291219e-002
7.602981e+002,4.259056e-002
7.607802e+002,4.215576e-002
7.612623e+002,4.162544e-002
7.617444e+002,4.105050e-002
7.622266e+002,4.050468e-002
7.627087e+002,4.007525e-002
7.631908e+002,3.983371e-002
7.636729e+002,3.981145e-002
7.641550e+002,3.999327e-002
7.646371e+002,4.032015e-002
7.651193e+002,4.071472e-002
7.656014e+002,4.109748e-002
7.660835e+002,4.141334e-002
7.665656e+002,4.163994e-002
7.670477e+002,4.177942e-002
7.675298e+002,4.184553e-002
7.680120e+002,4.184865e-002
7.684941e+002,4.178864e-002
7.689762e+002,4.165596e-002
7.694583e+002,4.144263e-002
7.699404e+002,4.115339e-002
7.704225e+002,4.081359e-002
7.709047e+002,4.046737e-002
7.713868e+002,4.017200e-002
7.718689e+002,3.997792e-002
7.723510e+002,3.991485e-002
7.728331e+002,3.997879e-002
7.733152e+002,4.012829e-002
7.737974e+002,4.028845e-002
7.742795e+002,4.036466e-002
7.747616e+002,4.027322e-002
7.752437e+002,3.996111e-002
7.757258e+002,3.943121e-002
7.762079e+002,3.874872e-002
7.766901e+002,3.803834e-002
7.771722e+002,3.745756e-002
7.776543e+002,3.714243e-002
7.781364e+002,3.718058e-002
7.786185e+002,3.757228e-002
7.791006e+002,3.823377e-002
7.795828e+002,3.901123e-002
7.800649e+002,3.972934e-002
7.805470e+002,4.025155e-002
7.810291e+002,4.050512e-002
7.815112e+002,4.050636e-002
7.819933e+002,4.033588e-002
7.824755e+002,4.010714e-002
7.829576e+002,3.991251e-002
7.834397e+002,3.979122e-002
7.839218e+002,3.972547e-002
7.844039e+002,3.965859e-002
7.848860e+002,3.953398e-002
7.853682e+002,3.932650e-002
7.858503e+002,3.906210e-002
7.863324e+002,3.880658e-002
7.868145e+002,3.864289e-002
7.872966e+002,3.862873e-002
7.877787e+002,3.877504e-002
7.882609e+002,3.903909e-002
7.887430e+002,3.934725e-002
7.892251e+002,3.962313e-002
7.897072e+002,3.981765e-002
7.901893e+002,3.992438e-002
7.906714e+002,3.997018e-002
7.911536e+002,3.999166e-002
7.916357e+002,4.000715e-002
7.921178e+002,4.000162e-002
7.925999e+002,3.992851e-002
7.930820e+002,3.973325e-002
7.935641e+002,3.937747e-002
7.940463e+002,3.886387e-002
7.945284e+002,3.823993e-002
7.950105e+002,3.759070e-002
7.954926e+002,3.701292e-002
7.959747e+002,3.658216e-002
7.964568e+002,3.634246e-002
7.969390e+002,3.629507e-002
7.974211e+002,3.640987e-002
7.979032e+002,3.663572e-002
7.983853e+002,3.691624e-002
7.988674e+002,3.719796e-002
7.993495e+002,3.742457e-002
7.998317e+002,3.754263e-002
8.003138e+002,3.750601e-002
8.007959e+002,3.728275e-002
8.012780e+002,3.687022e-002
8.017601e+002,3.630067e-002
8.022422e+002,3.564167e-002
8.027244e+002,3.497746e-002
8.032065e+002,3.439008e-002
8.036886e+002,3.394414e-002
8.041707e+002,3.367062e-002
8.046528e+002,3.357536e-002
8.051349e+002,3.365161e-002
8.056171e+002,3.389636e-002
8.060992e+002,3.431677e-002
8.065813e+002,3.492278e-002
8.070634e+002,3.570748e-002
8.075455e+002,3.662440e-002
8.080276e+002,3.757450e-002
8.085098e+002,3.842724e-002
8.089919e+002,3.903631e-002
8.094740e+002,3.928722e-002
8.099561e+002,3.913494e-002
8.104382e+002,3.861629e-002
8.109203e+002,3.784681e-002
8.114025e+002,3.697936e-002
8.118846e+002,3.617831e-002
8.123667e+002,3.556769e-002
8.128488e+002,3.520672e-002
8.133309e+002,3.509379e-002
8.138130e+002,3.517992e-002
8.142952e+002,3.539686e-002
8.147773e+002,3.567339e-002
8.152594e+002,3.595409e-002
8.157415e+002,3.620131e-002
8.162236e+002,3.638832e-002
8.167057e+002,3.649847e-002
8.171879e+002,3.652306e-002
8.176700e+002,3.646319e-002
8.181521e+002,3.633326e-002
8.186342e+002,3.616085e-002
8.191163e+002,3.598324e-002
8.195984e+002,3.583535e-002
8.200806e+002,3.574350e-002
8.205627e+002,3.572183e-002
8.210448e+002,3.577397e-002
8.215269e+002,3.590111e-002
8.220090e+002,3.610694e-002
8.224911e+002,3.639639e-002
8.229733e+002,3.676682e-002
8.234554e+002,3.719330e-002
8.239375e+002,3.762466e-002
8.244196e+002,3.797945e-002
8.249017e+002,3.816729e-002
8.253839e+002,3.812382e-002
8.258660e+002,3.783362e-002
8.263481e+002,3.735431e-002
8.268302e+002,3.680244e-002
8.273123e+002,3.633557e-002
8.277944e+002,3.609702e-002
8.282766e+002,3.616562e-002
8.287587e+002,3.653635e-002
8.292408e+002,3.711372e-002
8.297229e+002,3.775096e-002
8.302050e+002,3.828356e-002
8.306871e+002,3.859453e-002
8.311693e+002,3.864512e-002
8.316514e+002,3.848008e-002
8.321335e+002,3.820394e-002
8.326156e+002,3.793728e-002
8.330977e+002,3.778166e-002
8.335798e+002,3.778307e-002
8.340620e+002,3.793112e-002
8.345441e+002,3.817287e-002
8.350262e+002,3.844523e-002
8.355083e+002,3.870050e-002
8.359904e+002,3.892233e-002
8.364725e+002,3.912661e-002
8.369547e+002,3.934627e-002
8.374368e+002,3.961170e-002
8.379189e+002,3.993313e-002
8.384010e+002,4.029675e-002
8.388831e+002,4.067102e-002
8.393652e+002,4.102480e-002
8.398474e+002,4.133937e-002
8.403295e+002,4.161837e-002
8.408116e+002,4.188248e-002
8.412937e+002,4.215832e-002
8.417758e+002,4.246014e-002
8.422579e+002,4.277822e-002
8.427401e+002,4.307449e-002
8.432222e+002,4.329272e-002
8.437043e+002,4.337944e-002
8.441864e+002,4.329843e-002
8.446685e+002,4.305075e-002
8.451506e+002,4.267491e-002
8.456328e+002,4.224332e-002
8.461149e+002,4.183735e-002
8.465970e+002,4.152252e-002
8.470791e+002,4.133354e-002
8.475612e+002,4.126124e-002
8.480433e+002,4.126151e-002
8.485255e+002,4.126945e-002
8.490076e+002,4.122746e-002
8.494897e+002,4.110317e-002
8.499718e+002,4.090112e-002
8.504539e+002,4.066055e-002
8.509360e+002,4.044325e-002
8.514182e+002,4.031435e-002
8.519003e+002,4.031754e-002
8.523824e+002,4.046621e-002
8.528645e+002,4.073951e-002
8.533466e+002,4.109245e-002
8.538287e+002,4.146765e-002
8.543109e+002,4.181141e-002
8.547930e+002,4.208909e-002
8.552751e+002,4.228594e-002
8.557572e+002,4.240869e-002
8.562393e+002,4.247779e-002
8.567214e+002,4.252303e-002
8.572036e+002,4.257663e-002
8.576857e+002,4.266698e-002
8.581678e+002,4.281707e-002
8.586499e+002,4.303841e-002
8.591320e+002,4.332756e-002
8.596141e+002,4.366224e-002
8.600963e+002,4.400274e-002
8.605784e+002,4.429923e-002
8.610605e+002,4.449742e-002
8.615426e+002,4.455642e-002
8.620247e+002,4.446071e-002
8.625068e+002,4.422639e-002
8.629890e+002,4.390080e-002
8.634711e+002,4.355118e-002
8.639532e+002,4.325477e-002
8.644353e+002,4.307490e-002
8.649174e+002,4.305135e-002
8.653995e+002,4.319304e-002
8.658817e+002,4.347838e-002
8.663638e+002,4.386332e-002
8.668459e+002,4.429155e-002
8.673280e+002,4.471128e-002
8.678101e+002,4.508123e-002
8.682922e+002,4.537612e-002
8.687744e+002,4.559122e-002
8.692565e+002,4.573715e-002
8.697386e+002,4.583542e-002
8.702207e+002,4.590814e-002
8.707028e+002,4.596987e-002
8.711849e+002,4.602006e-002
8.716671e+002,4.604086e-002
8.721492e+002,4.599848e-002
8.726313e+002,4.585393e-002
8.731134e+002,4.557826e-002
8.735955e+002,4.516315e-002
8.740776e+002,4.463258e-002
8.745598e+002,4.403882e-002
8.750419e+002,4.345793e-002
8.755240e+002,4.296818e-002
8.760061e+002,4.262874e-002
8.764882e+002,4.246895e-002
8.769703e+002,4.247605e-002
8.774525e+002,4.260209e-002
8.779346e+002,4.277301e-002
8.784167e+002,4.291559e-002
8.788988e+002,4.297667e-002
8.793809e+002,4.293477e-002
8.798630e+002,4.280558e-002
8.803452e+002,4.263161e-002
8.808273e+002,4.246845e-002
8.813094e+002,4.236107e-002
8.817915e+002,4.233409e-002
8.822736e+002,4.238667e-002
8.827557e+002,4.249857e-002
8.832379e+002,4.264183e-002
8.837200e+002,4.279356e-002
8.842021e+002,4.294571e-002
8.846842e+002,4.310510e-002
8.851663e+002,4.328726e-002
8.856484e+002,4.350314e-002
8.861306e+002,4.374931e-002
8.866127e+002,4.400039e-002
8.870948e+002,4.421608e-002
8.875769e+002,4.434724e-002
8.880590e+002,4.435463e-002
8.885411e+002,4.422457e-002
8.890233e+002,4.397573e-002
8.895054e+002,4.365743e-002
8.899875e+002,4.333270e-002
8.904696e+002,4.306720e-002
8.909517e+002,4.290482e-002
8.914338e+002,4.285805e-002
8.919160e+002,4.290653e-002
8.923981e+002,4.300642e-002
8.928802e+002,4.310833e-002
8.933623e+002,4.317023e-002
8.938444e+002,4.317370e-002
8.943265e+002,4.312443e-002
8.948087e+002,4.304693e-002
8.952908e+002,4.297000e-002
8.957729e+002,4.291534e-002
8.962550e+002,4.288898e-002
8.967371e+002,4.288102e-002
8.972192e+002,4.287300e-002
8.977014e+002,4.284909e-002
8.981835e+002,4.280666e-002
8.986656e+002,4.275968e-002
8.991477e+002,4.273499e-002
8.996298e+002,4.275918e-002
9.001119e+002,4.284777e-002
9.005941e+002,4.299527e-002
9.010762e+002,4.317646e-002
9.015583e+002,4.335349e-002
9.020404e+002,4.349042e-002
9.025225e+002,4.356989e-002
9.030046e+002,4.359814e-002
9.034868e+002,4.360513e-002
9.039689e+002,4.363035e-002
9.044510e+002,4.371131e-002
9.049331e+002,4.386649e-002
9.054152e+002,4.408968e-002
9.058973e+002,4.435203e-002
9.063795e+002,4.461433e-002
9.068616e+002,4.484225e-002
9.073437e+002,4.501461e-002
9.078258e+002,4.513064e-002
9.083079e+002,4.520473e-002
9.087900e+002,4.525864e-002
9.092722e+002,4.530989e-002
9.097543e+002,4.536520e-002
9.102364e+002,4.541985e-002
9.107185e+002,4.546177e-002
9.112006e+002,4.547774e-002
9.116827e+002,4.545845e-002
9.121649e+002,4.540106e-002
9.126470e+002,4.530730e-002
9.131291e+002,4.518048e-002
9.136112e+002,4.502361e-002
9.140933e+002,4.483996e-002
9.145754e+002,4.463708e-002
9.150576e+002,4.442926e-002
9.155397e+002,4.423985e-002
9.160218e+002,4.409926e-002
9.165039e+002,4.403453e-002
9.169860e+002,4.406393e-002
9.174681e+002,4.418669e-002
9.179503e+002,4.438186e-002
9.184324e+002,4.460858e-002
9.189145e+002,4.481585e-002
9.193966e+002,4.495736e-002
9.198787e+002,4.499844e-002
9.203608e+002,4.492740e-002
9.208430e+002,4.475666e-002
9.213251e+002,4.452007e-002
9.218072e+002,4.426283e-002
9.222893e+002,4.402934e-002
9.227714e+002,4.385523e-002
9.232535e+002,4.375703e-002
9.237357e+002,4.373056e-002
9.242178e+002,4.375416e-002
9.246999e+002,4.379855e-002
9.251820e+002,4.383852e-002
9.256641e+002,4.386146e-002
9.261462e+002,4.387344e-002
9.266284e+002,4.389700e-002
9.271105e+002,4.396400e-002
9.275926e+002,4.410084e-002
9.280747e+002,4.431981e-002
9.285568e+002,4.461147e-002
9.290389e+002,4.494783e-002
9.295211e+002,4.528862e-002
9.300032e+002,4.559134e-002
9.304853e+002,4.582626e-002
9.309674e+002,4.597888e-002
9.314495e+002,4.605358e-002
9.319316e+002,4.606852e-002
9.324138e+002,4.605183e-002
9.328959e+002,4.603604e-002
9.333780e+002,4.605126e-002
9.338601e+002,4.612509e-002
9.343422e+002,4.627625e-002
9.348243e+002,4.650864e-002
9.353065e+002,4.680653e-002
9.357886e+002,4.713228e-002
9.362707e+002,4.743406e-002
9.367528e+002,4.765254e-002
9.372349e+002,4.774159e-002
9.377170e+002,4.768458e-002
9.381992e+002,4.750206e-002
9.386813e+002,4.725003e-002
9.391634e+002,4.700211e-002
9.396455e+002,4.683308e-002
9.401276e+002,4.679105e-002
9.406097e+002,4.688736e-002
9.410919e+002,4.709725e-002
9.415740e+002,4.737426e-002
9.420561e+002,4.766878e-002
9.425382e+002,4.794212e-002
9.430203e+002,4.817714e-002
9.435024e+002,4.837215e-002
9.439846e+002,4.853122e-002
9.444667e+002,4.865290e-002
9.449488e+002,4.872736e-002
9.454309e+002,4.874061e-002
9.459130e+002,4.868666e-002
9.463951e+002,4.857728e-002
9.468773e+002,4.844639e-002
9.473594e+002,4.833987e-002
9.478415e+002,4.830492e-002
9.483236e+002,4.837055e-002
9.488057e+002,4.853698e-002
9.492878e+002,4.877558e-002
9.497700e+002,4.903819e-002
9.502521e+002,4.927652e-002
9.507342e+002,4.945114e-002
9.512163e+002,4.954259e-002
9.516984e+002,4.954991e-002
9.521805e+002,4.948325e-002
9.526627e+002,4.935632e-002
9.531448e+002,4.918239e-002
9.536269e+002,4.897641e-002
9.541090e+002,4.875711e-002
9.545911e+002,4.854817e-002
9.550732e+002,4.837719e-002
9.555554e+002,4.826637e-002
9.560375e+002,4.822524e-002
9.565196e+002,4.824647e-002
9.570017e+002,4.830883e-002
9.574838e+002,4.838611e-002
9.579659e+002,4.845841e-002
9.584481e+002,4.852209e-002
9.589302e+002,4.859070e-002
9.594123e+002,4.868777e-002
9.598944e+002,4.883304e-002
9.603765e+002,4.903154e-002
9.608586e+002,4.926759e-002
9.613408e+002,4.951128e-002
9.618229e+002,4.972799e-002
9.623050e+002,4.989387e-002
9.627871e+002,5.000593e-002
9.632692e+002,5.008177e-002
9.637513e+002,5.015247e-002
9.642335e+002,5.024560e-002
9.647156e+002,5.037651e-002
9.651977e+002,5.053966e-002
9.656798e+002,5.071229e-002
9.661619e+002,5.086048e-002
9.666440e+002,5.095272e-002
9.671262e+002,5.096979e-002
9.676083e+002,5.090769e-002
9.680904e+002,5.077876e-002
9.685725e+002,5.060596e-002
9.690546e+002,5.041911e-002
9.695367e+002,5.024762e-002
9.700189e+002,5.011512e-002
9.705010e+002,5.003762e-002
9.709831e+002,5.001909e-002
9.714652e+002,5.005090e-002
9.719473e+002,5.011249e-002
9.724294e+002,5.017801e-002
9.729116e+002,5.022243e-002
9.733937e+002,5.022899e-002
9.738758e+002,5.019628e-002
9.743579e+002,5.013898e-002
9.748400e+002,5.008433e-002
9.753221e+002,5.006194e-002
9.758043e+002,5.009643e-002
9.762864e+002,5.019953e-002
9.767685e+002,5.036666e-002
9.772506e+002,5.057778e-002
9.777327e+002,5.080158e-002
9.782148e+002,5.100491e-002
9.786970e+002,5.115580e-002
9.791791e+002,5.123150e-002
9.796612e+002,5.122408e-002
9.801433e+002,5.114271e-002
9.806254e+002,5.101538e-002
9.811075e+002,5.088185e-002
9.815897e+002,5.078933e-002
9.820718e+002,5.077660e-002
9.825539e+002,5.086106e-002
9.830360e+002,5.103147e-002
9.835181e+002,5.124696e-002
9.840002e+002,5.145039e-002
9.844824e+002,5.158025e-002
9.849645e+002,5.159486e-002
9.854466e+002,5.148530e-002
9.859287e+002,5.127731e-002
9.864108e+002,5.102208e-002
9.868929e+002,5.077792e-002
9.873751e+002,5.059508e-002
9.878572e+002,5.049976e-002
9.883393e+002,5.049241e-002
9.888214e+002,5.055427e-002
9.893035e+002,5.065855e-002
9.897856e+002,5.077971e-002
9.902678e+002,5.089805e-002
9.907499e+002,5.100089e-002
9.912320e+002,5.107806e-002
9.917141e+002,5.112006e-002
9.921962e+002,5.112005e-002
9.926783e+002,5.107860e-002
9.931605e+002,5.100945e-002
9.936426e+002,5.093850e-002
9.941247e+002,5.090117e-002
9.946068e+002,5.092978e-002
9.950889e+002,5.104085e-002
9.955710e+002,5.122806e-002
9.960532e+002,5.146121e-002
9.965353e+002,5.169848e-002
9.970174e+002,5.189593e-002
9.974995e+002,5.202439e-002
9.979816e+002,5.207597e-002
9.984637e+002,5.206222e-002
9.989459e+002,5.200661e-002
9.994280e+002,5.193350e-002
9.999101e+002,5.186348e-002
1.000392e+003,5.180978e-002
1.000874e+003,5.178180e-002
1.001356e+003,5.178874e-002
1.001839e+003,5.184048e-002
1.002321e+003,5.194386e-002
1.002803e+003,5.209629e-002
1.003285e+003,5.228030e-002
1.003767e+003,5.246329e-002
1.004249e+003,5.260287e-002
1.004731e+003,5.266330e-002
1.005213e+003,5.262765e-002
1.005695e+003,5.250889e-002
1.006178e+003,5.234708e-002
1.006660e+003,5.220325e-002
1.007142e+003,5.214328e-002
1.007624e+003,5.221535e-002
1.008106e+003,5.244264e-002
1.008588e+003,5.281539e-002
1.009070e+003,5.329784e-002
1.009552e+003,5.383657e-002
1.010035e+003,5.437396e-002
1.010517e+003,5.486450e-002
1.010999e+003,5.527705e-002
1.011481e+003,5.560199e-002
1.011963e+003,5.584794e-002
1.012445e+003,5.603781e-002
1.012927e+003,5.619910e-002
1.013409e+003,5.635311e-002
1.013891e+003,5.650911e-002
1.014374e+003,5.665904e-002
1.014856e+003,5.678219e-002
1.015338e+003,5.685347e-002
1.015820e+003,5.685839e-002
1.016302e+003,5.680527e-002
1.016784e+003,5.673217e-002
1.017266e+003,5.669979e-002
1.017748e+003,5.677573e-002
1.018231e+003,5.701743e-002
1.018713e+003,5.744728e-002
1.019195e+003,5.804493e-002
1.019677e+003,5.874670e-002
1.020159e+003,5.946698e-002
1.020641e+003,6.011628e-002
1.021123e+003,6.062200e-002
1.021605e+003,6.094656e-002
1.022087e+003,6.108599e-002
1.022570e+003,6.106504e-002
1.023052e+003,6.092350e-002
1.023534e+003,6.070769e-002
1.024016e+003,6.046256e-002
1.024498e+003,6.022389e-002
1.024980e+003,6.002164e-002
1.025462e+003,5.987724e-002
1.025944e+003,5.980089e-002
1.026427e+003,5.979098e-002
1.026909e+003,5.983117e-002
1.027391e+003,5.989431e-002
1.027873e+003,5.994555e-002
1.028355e+003,5.995443e-002
1.028837e+003,5.990466e-002
1.029319e+003,5.979764e-002
1.029801e+003,5.965433e-002
1.030283e+003,5.950664e-002
1.030766e+003,5.939049e-002
1.031248e+003,5.933201e-002
1.031730e+003,5.933973e-002
1.032212e+003,5.940114e-002
1.032694e+003,5.948680e-002
1.033176e+003,5.955876e-002
1.033658e+003,5.958005e-002
1.034140e+003,5.952924e-002
1.034623e+003,5.940535e-002
1.035105e+003,5.923035e-002
1.035587e+003,5.904120e-002
1.036069e+003,5.887930e-002
1.036551e+003,5.877958e-002
1.037033e+003,5.875804e-002
1.037515e+003,5.880990e-002
1.037997e+003,5.891250e-002
1.038479e+003,5.903583e-002
1.038962e+003,5.915053e-002
1.039444e+003,5.923724e-002
1.039926e+003,5.928958e-002
1.040408e+003,5.931027e-002
1.040890e+003,5.930549e-002
1.041372e+003,5.927908e-002
1.041854e+003,5.923070e-002
1.042336e+003,5.915911e-002
1.042818e+003,5.906831e-002
1.043301e+003,5.897322e-002
1.043783e+003,5.890092e-002
1.044265e+003,5.888498e-002
1.044747e+003,5.895961e-002
1.045229e+003,5.914667e-002
1.045711e+003,5.945027e-002
1.046193e+003,5.985466e-002
1.046675e+003,6.033008e-002
1.047157e+003,6.084230e-002
1.047640e+003,6.135833e-002
1.048122e+003,6.185441e-002
1.048604e+003,6.231518e-002
1.049086e+003,6.272958e-002
1.049568e+003,6.308781e-002
1.050050e+003,6.338008e-002
1.050532e+003,6.359810e-002
1.051014e+003,6.373797e-002
1.051497e+003,6.380457e-002
1.051979e+003,6.381153e-002
1.052461e+003,6.377785e-002
1.052943e+003,6.372640e-002
1.053425e+003,6.367971e-002
1.053907e+003,6.365710e-002
1.054389e+003,6.367659e-002
1.054871e+003,6.375485e-002
1.055354e+003,6.390552e-002
1.055836e+003,6.413797e-002
1.056318e+003,6.445362e-002
1.056800e+003,6.484340e-002
1.057282e+003,6.528740e-002
1.057764e+003,6.575912e-002
1.058246e+003,6.623352e-002
1.058728e+003,6.669006e-002
1.059210e+003,6.711669e-002
1.059693e+003,6.750686e-002
1.060175e+003,6.785353e-002
1.060657e+003,6.814462e-002
1.061139e+003,6.836414e-002
1.061621e+003,6.849602e-002
1.062103e+003,6.853494e-002
1.062585e+003,6.849337e-002
1.063067e+003,6.840447e-002
1.063550e+003,6.831373e-002
1.064032e+003,6.826422e-002
1.064514e+003,6.828404e-002
1.064996e+003,6.837258e-002
1.065478e+003,6.850106e-002
1.065960e+003,6.861980e-002
1.066442e+003,6.868028e-002
1.066924e+003,6.865081e-002
1.067406e+003,6.852892e-002
1.067889e+003,6.834100e-002
1.068371e+003,6.813541e-002
1.068853e+003,6.796970e-002
1.069335e+003,6.789285e-002
1.069817e+003,6.794169e-002
1.070299e+003,6.813326e-002
1.070781e+003,6.846520e-002
1.071263e+003,6.891724e-002
1.071745e+003,6.945488e-002
1.072228e+003,7.003672e-002
1.072710e+003,7.061662e-002
1.073192e+003,7.115301e-002
1.073674e+003,7.161966e-002
1.074156e+003,7.200809e-002
1.074638e+003,7.233158e-002
1.075120e+003,7.261878e-002
1.075602e+003,7.290881e-002
1.076084e+003,7.323781e-002
1.076567e+003,7.363268e-002
1.077049e+003,7.411064e-002
1.077531e+003,7.467942e-002
1.078013e+003,7.534155e-002
1.078495e+003,7.609726e-002
1.078977e+003,7.694223e-002
1.079459e+003,7.786353e-002
1.079941e+003,7.883410e-002
1.080424e+003,7.981413e-002
1.080906e+003,8.075588e-002
1.081388e+003,8.161366e-002
1.081870e+003,8.236021e-002
1.082352e+003,8.299252e-002
1.082834e+003,8.353521e-002
1.083316e+003,8.403059e-002
1.083798e+003,8.453067e-002
1.084281e+003,8.508746e-002
1.084763e+003,8.574127e-002
1.085245e+003,8.652224e-002
1.085727e+003,8.744580e-002
1.086209e+003,8.851095e-002
1.086691e+003,8.969604e-002
1.087173e+003,9.095566e-002
1.087655e+003,9.222679e-002
1.088137e+003,9.343293e-002
1.088620e+003,9.450613e-002
1.089102e+003,9.541128e-002
1.089584e+003,9.615692e-002
1.090066e+003,9.679908e-002
1.090548e+003,9.741757e-002
1.091030e+003,9.809414e-002
1.091512e+003,9.887406e-002
1.091994e+003,9.974931e-002
1.092477e+003,1.006561e-001
1.092959e+003,1.014972e-001
1.093441e+003,1.021760e-001
1.093923e+003,1.026199e-001
1.094405e+003,1.028050e-001
1.094887e+003,1.027543e-001
1.095369e+003,1.025250e-001
1.095851e+003,1.021863e-001
1.096333e+003,1.018032e-001
1.096816e+003,1.014314e-001
1.097298e+003,1.011088e-001
1.097780e+003,1.008592e-001
1.098262e+003,1.006903e-001
1.098744e+003,1.005913e-001
1.099226e+003,1.005301e-001
1.099708e+003,1.004548e-001
1.100190e+003,1.003108e-001
1.100672e+003,1.000550e-001
1.101155e+003,9.967741e-002
1.101637e+003,9.920875e-002
1.102119e+003,9.871775e-002
1.102601e+003,9.828930e-002
1.103083e+003,9.799175e-002
1.103565e+003,9.786041e-002
1.104047e+003,9.788367e-002
1.104529e+003,9.801565e-002
1.105011e+003,9.819537e-002
1.105494e+003,9.837815e-002
1.105976e+003,9.855598e-002
1.106458e+003,9.876015e-002
1.106940e+003,9.904967e-002
1.107422e+003,9.948461e-002
1.107904e+003,1.001087e-001
1.108386e+003,1.009291e-001
1.108868e+003,1.019177e-001
1.109351e+003,1.030163e-001
1.109833e+003,1.041571e-001
1.110315e+003,1.052774e-001
1.110797e+003,1.063250e-001
1.111279e+003,1.072676e-001
1.111761e+003,1.080905e-001
1.112243e+003,1.087938e-001
1.112725e+003,1.093884e-001
1.113208e+003,1.098919e-001
1.113690e+003,1.103217e-001
1.114172e+003,1.106885e-001
1.114654e+003,1.109926e-001
1.115136e+003,1.112217e-001
1.115618e+003,1.113548e-001
1.116100e+003,1.113664e-001
1.116582e+003,1.112329e-001
1.117064e+003,1.109384e-001
1.117547e+003,1.104739e-001
1.118029e+003,1.098369e-001
1.118511e+003,1.090302e-001
1.118993e+003,1.080628e-001
1.119475e+003,1.069515e-001
1.119957e+003,1.057235e-001
1.120439e+003,1.044184e-001
1.120921e+003,1.030837e-001
1.121404e+003,1.017649e-001
1.121886e+003,1.005036e-001
1.122368e+003,9.932640e-002
1.122850e+003,9.824395e-002
1.123332e+003,9.725403e-002
1.123814e+003,9.634525e-002
1.124296e+003,9.550360e-002
1.124778e+003,9.471665e-002
1.125260e+003,9.397702e-002
1.125743e+003,9.328362e-002
1.126225e+003,9.264290e-002
1.126707e+003,9.206910e-002
1.127189e+003,9.158450e-002
1.127671e+003,9.121921e-002
1.128153e+003,9.100503e-002
1.128635e+003,9.097079e-002
1.129117e+003,9.113619e-002
1.129599e+003,9.150618e-002
1.130082e+003,9.207220e-002
1.130564e+003,9.281744e-002
1.131046e+003,9.372804e-002
1.131528e+003,9.480229e-002
1.132010e+003,9.605850e-002
1.132492e+003,9.753057e-002
1.132974e+003,9.926051e-002
1.133456e+003,1.012798e-001
1.133938e+003,1.035934e-001
1.134421e+003,1.061689e-001
1.134903e+003,1.089363e-001
1.135385e+003,1.118076e-001
1.135867e+003,1.146851e-001
1.136349e+003,1.174887e-001
1.136831e+003,1.201692e-001
1.137313e+003,1.227057e-001
1.137795e+003,1.251033e-001
1.138278e+003,1.273823e-001
1.138760e+003,1.295712e-001
1.139242e+003,1.316990e-001
1.139724e+003,1.337905e-001
1.140206e+003,1.358633e-001
1.140688e+003,1.379204e-001
1.141170e+003,1.399450e-001
1.141652e+003,1.418987e-001
1.142135e+003,1.437296e-001
1.142617e+003,1.453847e-001
1.143099e+003,1.468236e-001
1.143581e+003,1.480343e-001
1.144063e+003,1.490334e-001
1.144545e+003,1.498614e-001
1.145027e+003,1.505640e-001
1.145509e+003,1.511839e-001
1.145991e+003,1.517538e-001
1.146474e+003,1.522978e-001
1.146956e+003,1.528416e-001
1.147438e+003,1.534190e-001
1.147920e+003,1.540665e-001
1.148402e+003,1.548168e-001
1.148884e+003,1.556817e-001
1.149366e+003,1.566422e-001
1.149848e+003,1.576464e-001
1.150331e+003,1.586232e-001
1.150813e+003,1.595100e-001
1.151295e+003,1.602688e-001
1.151777e+003,1.609034e-001
1.152259e+003,1.614530e-001
1.152741e+003,1.619782e-001
1.153223e+003,1.625341e-001
1.153705e+003,1.631505e-001
1.154188e+003,1.638276e-001
1.154670e+003,1.645395e-001
1.155152e+003,1.652503e-001
1.155634e+003,1.659251e-001
1.156116e+003,1.665417e-001
1.156598e+003,1.670897e-001
1.157080e+003,1.675641e-001
1.157562e+003,1.679594e-001
1.158044e+003,1.682678e-001
1.158526e+003,1.684807e-001
1.159009e+003,1.685943e-001
1.159491e+003,1.686118e-001
1.159973e+003,1.685434e-001
1.160455e+003,1.684005e-001
1.160937e+003,1.681916e-001
1.161419e+003,1.679205e-001
1.161901e+003,1.675886e-001
1.162383e+003,1.671996e-001
1.162865e+003,1.667629e-001
1.163348e+003,1.662917e-001
1.163830e+003,1.657981e-001
1.164312e+003,1.652853e-001
1.164794e+003,1.647448e-001
1.165276e+003,1.641572e-001
1.165758e+003,1.635030e-001
1.166240e+003,1.627735e-001
1.166722e+003,1.619769e-001
1.167205e+003,1.611383e-001
1.167687e+003,1.602879e-001
1.168169e+003,1.594507e-001
1.168651e+003,1.586345e-001
1.169133e+003,1.578286e-001
1.169615e+003,1.570097e-001
1.170097e+003,1.561556e-001
1.170579e+003,1.552569e-001
1.171062e+003,1.543212e-001
1.171544e+003,1.533693e-001
1.172026e+003,1.524262e-001
1.172508e+003,1.515115e-001
1.172990e+003,1.506330e-001
1.173472e+003,1.497871e-001
1.173954e+003,1.489637e-001
1.174436e+003,1.481523e-001
1.174918e+003,1.473438e-001
1.175401e+003,1.465286e-001
1.175883e+003,1.456946e-001
1.176365e+003,1.448238e-001
1.176847e+003,1.438937e-001
1.177329e+003,1.428853e-001
1.177811e+003,1.417885e-001
1.178293e+003,1.406083e-001
1.178775e+003,1.393620e-001
1.179258e+003,1.380748e-001
1.179740e+003,1.367690e-001
1.180222e+003,1.354560e-001
1.180704e+003,1.341338e-001
1.181186e+003,1.327906e-001
1.181668e+003,1.314110e-001
1.182150e+003,1.299823e-001
1.182632e+003,1.284991e-001
1.183115e+003,1.269622e-001
1.183597e+003,1.253770e-001
1.184079e+003,1.237516e-001
1.184561e+003,1.220958e-001
1.185043e+003,1.204250e-001
1.185525e+003,1.187616e-001
1.186007e+003,1.171337e-001
1.186489e+003,1.155737e-001
1.186971e+003,1.141090e-001
1.187453e+003,1.127567e-001
1.187936e+003,1.115209e-001
1.188418e+003,1.103938e-001
1.188900e+003,1.093623e-001
1.189382e+003,1.084145e-001
1.189864e+003,1.075455e-001
1.190346e+003,1.067575e-001
1.190828e+003,1.060573e-001
1.191310e+003,1.054497e-001
1.191792e+003,1.049337e-001
1.192275e+003,1.045015e-001
1.192757e+003,1.041418e-001
1.193239e+003,1.038434e-001
1.193721e+003,1.035983e-001
1.194203e+003,1.034018e-001
1.194685e+003,1.032475e-001
1.195167e+003,1.031203e-001
1.195649e+003,1.029958e-001
1.196132e+003,1.028378e-001
1.196614e+003,1.026075e-001
1.197096e+003,1.022773e-001
1.197578e+003,1.018367e-001
1.198060e+003,1.012992e-001
1.198542e+003,1.006959e-001
1.199024e+003,1.000688e-001
1.199506e+003,9.945463e-002
1.199989e+003,9.887586e-002
1.200471e+003,9.833898e-002
1.200953e+003,9.783568e-002
1.201435e+003,9.735177e-002
1.201917e+003,9.687304e-002
1.202399e+003,9.639093e-002
1.202881e+003,9.590194e-002
1.203363e+003,9.540522e-002
1.203845e+003,9.490041e-002
1.204328e+003,9.438626e-002
1.204810e+003,9.386325e-002
1.205292e+003,9.333599e-002
1.205774e+003,9.281571e-002
1.206256e+003,9.231979e-002
1.206738e+003,9.186662e-002
1.207220e+003,9.147131e-002
1.207702e+003,9.114140e-002
1.208185e+003,9.087481e-002
1.208667e+003,9.066220e-002
1.209149e+003,9.049105e-002
1.209631e+003,9.035067e-002
1.210113e+003,9.023332e-002
1.210595e+003,9.013368e-002
1.211077e+003,9.004653e-002
1.211559e+003,8.996344e-002
1.212042e+003,8.987276e-002
1.212524e+003,8.976415e-002
1.213006e+003,8.963227e-002
1.213488e+003,8.948316e-002
1.213970e+003,8.933411e-002
1.214452e+003,8.921416e-002
1.214934e+003,8.915614e-002
1.215416e+003,8.918836e-002
1.215898e+003,8.933041e-002
1.216380e+003,8.958714e-002
1.216863e+003,8.994862e-002
1.217345e+003,9.039206e-002
1.217827e+003,9.088674e-002
1.218309e+003,9.139948e-002
1.218791e+003,9.189468e-002
1.219273e+003,9.234216e-002
1.219755e+003,9.271844e-002
1.220237e+003,9.300943e-002
1.220719e+003,9.321316e-002
1.221202e+003,9.333946e-002
1.221684e+003,9.340711e-002
1.222166e+003,9.343694e-002
1.222648e+003,9.344771e-002
1.223130e+003,9.345149e-002
1.223612e+003,9.345153e-002
1.224094e+003,9.344490e-002
1.224576e+003,9.342656e-002
1.225059e+003,9.339377e-002
1.225541e+003,9.334867e-002
1.226023e+003,9.329863e-002
1.226505e+003,9.325275e-002
1.226987e+003,9.322021e-002
1.227469e+003,9.320579e-002
1.227951e+003,9.320982e-002
1.228433e+003,9.322719e-002
1.228916e+003,9.325018e-002
1.229398e+003,9.327023e-002
1.229880e+003,9.327867e-002
1.230362e+003,9.326946e-002
1.230844e+003,9.324025e-002
1.231326e+003,9.319413e-002
1.231808e+003,9.314084e-002
1.232290e+003,9.309581e-002
1.232772e+003,9.307946e-002
1.233255e+003,9.311116e-002
1.233737e+003,9.320354e-002
1.234219e+003,9.335830e-002
1.234701e+003,9.356293e-002
1.235183e+003,9.379334e-002
1.235665e+003,9.401757e-002
1.236147e+003,9.420653e-002
1.236629e+003,9.434104e-002
1.237112e+003,9.441707e-002
1.237594e+003,9.444614e-002
1.238076e+003,9.445199e-002
1.238558e+003,9.446353e-002
1.239040e+003,9.450407e-002
1.239522e+003,9.458646e-002
1.240004e+003,9.470759e-002
1.240486e+003,9.485007e-002
1.240969e+003,9.498455e-002
1.241451e+003,9.507787e-002
1.241933e+003,9.510255e-002
1.242415e+003,9.504106e-002
1.242897e+003,9.488974e-002
1.243379e+003,9.465718e-002
1.243861e+003,9.435848e-002
1.244343e+003,9.400694e-002
1.244825e+003,9.360740e-002
1.245307e+003,9.315252e-002
1.245790e+003,9.262609e-002
1.246272e+003,9.200998e-002
1.246754e+003,9.129376e-002
1.247236e+003,9.048411e-002
1.247718e+003,8.960582e-002
1.248200e+003,8.870284e-002
1.248682e+003,8.782542e-002
1.249164e+003,8.701965e-002
1.249646e+003,8.632003e-002
1.250129e+003,8.574013e-002
1.250611e+003,8.527374e-002
1.251093e+003,8.489687e-002
1.251575e+003,8.457728e-002
1.252057e+003,8.428028e-002
1.252539e+003,8.397505e-002
1.253021e+003,8.364257e-002
1.253503e+003,8.327709e-002
1.253986e+003,8.288853e-002
1.254468e+003,8.249822e-002
1.254950e+003,8.213642e-002
1.255432e+003,8.183303e-002
1.255914e+003,8.160749e-002
1.256396e+003,8.146393e-002
1.256878e+003,8.138790e-002
1.257360e+003,8.135295e-002
1.257843e+003,8.132692e-002
1.258325e+003,8.128575e-002
1.258807e+003,8.122265e-002
1.259289e+003,8.115062e-002
1.259771e+003,8.109672e-002
1.260253e+003,8.108763e-002
1.260735e+003,8.113694e-002
1.261217e+003,8.123389e-002
1.261699e+003,8.134580e-002
1.262182e+003,8.142535e-002
1.262664e+003,8.142968e-002
1.263146e+003,8.133422e-002
1.263628e+003,8.113857e-002
1.264110e+003,8.086562e-002
1.264592e+003,8.055061e-002
1.265074e+003,8.023129e-002
1.265556e+003,7.993414e-002
1.266039e+003,7.967120e-002
1.266521e+003,7.944079e-002
1.267003e+003,7.923281e-002
1.267485e+003,7.903433e-002
1.267967e+003,7.883271e-002
1.268449e+003,7.861589e-002
1.268931e+003,7.837117e-002
1.269413e+003,7.808386e-002
1.269896e+003,7.774207e-002
1.270378e+003,7.734126e-002
1.270860e+003,7.689159e-002
1.271342e+003,7.641800e-002
1.271824e+003,7.595950e-002
1.272306e+003,7.555854e-002
1.272788e+003,7.524677e-002
1.273270e+003,7.503961e-002
1.273752e+003,7.493094e-002
1.274234e+003,7.489976e-002
1.274717e+003,7.491663e-002
1.275199e+003,7.495657e-002
1.275681e+003,7.500559e-002
1.276163e+003,7.506005e-002
1.276645e+003,7.512341e-002
1.277127e+003,7.519725e-002
1.277609e+003,7.527496e-002
1.278091e+003,7.533959e-002
1.278573e+003,7.536767e-002
1.279056e+003,7.533553e-002
1.279538e+003,7.522877e-002
1.280020e+003,7.504725e-002
1.280502e+003,7.480485e-002
1.280984e+003,7.452318e-002
1.281466e+003,7.422296e-002
1.281948e+003,7.391694e-002
1.282430e+003,7.360478e-002
1.282913e+003,7.327579e-002
1.283395e+003,7.291503e-002
1.283877e+003,7.251258e-002
1.284359e+003,7.206994e-002
1.284841e+003,7.160333e-002
1.285323e+003,7.113840e-002
1.285805e+003,7.070649e-002
1.286287e+003,7.033393e-002
1.286770e+003,7.003409e-002
1.287252e+003,6.980571e-002
1.287734e+003,6.963266e-002
1.288216e+003,6.949252e-002
1.288698e+003,6.936100e-002
1.289180e+003,6.922019e-002
1.289662e+003,6.906137e-002
1.290144e+003,6.888295e-002
1.290626e+003,6.868705e-002
1.291109e+003,6.847638e-002
1.291591e+003,6.825203e-002
1.292073e+003,6.801468e-002
1.292555e+003,6.776743e-002
1.293037e+003,6.751834e-002
1.293519e+003,6.728090e-002
1.294001e+003,6.707174e-002
1.294483e+003,6.690776e-002
1.294966e+003,6.679962e-002
1.295448e+003,6.674905e-002
1.295930e+003,6.674749e-002
1.296412e+003,6.677976e-002
1.296894e+003,6.682850e-002
1.297376e+003,6.687894e-002
1.297858e+003,6.692333e-002
1.298340e+003,6.695884e-002
1.298823e+003,6.698471e-002
1.299305e+003,6.699774e-002
1.299787e+003,6.698985e-002
1.300269e+003,6.694885e-002
1.300751e+003,6.686474e-002
1.301233e+003,6.673331e-002
1.301715e+003,6.656245e-002
1.302197e+003,6.636968e-002
1.302679e+003,6.617910e-002
1.303161e+003,6.601294e-002
1.303644e+003,6.588243e-002
1.304126e+003,6.578445e-002
1.304608e+003,6.570187e-002
1.305090e+003,6.561059e-002
1.305572e+003,6.548689e-002
1.306054e+003,6.531748e-002
1.306536e+003,6.510422e-002
1.307018e+003,6.486413e-002
1.307500e+003,6.462364e-002
1.307983e+003,6.440976e-002
1.308465e+003,6.424398e-002
1.308947e+003,6.413501e-002
1.309429e+003,6.407940e-002
1.309911e+003,6.406417e-002
1.310393e+003,6.407256e-002
1.310875e+003,6.408823e-002
1.311357e+003,6.409702e-002
1.311840e+003,6.408913e-002
1.312322e+003,6.405958e-002
1.312804e+003,6.400780e-002
1.313286e+003,6.393711e-002
1.313768e+003,6.385368e-002
1.314250e+003,6.376463e-002
1.314732e+003,6.367484e-002
1.315214e+003,6.358619e-002
1.315697e+003,6.349672e-002
1.316179e+003,6.340150e-002
1.316661e+003,6.329522e-002
1.317143e+003,6.317449e-002
1.317625e+003,6.304110e-002
1.318107e+003,6.290221e-002
1.318589e+003,6.276915e-002
1.319071e+003,6.265265e-002
1.319553e+003,6.255811e-002
1.320036e+003,6.248257e-002
1.320518e+003,6.241510e-002
1.321000e+003,6.233908e-002
1.321482e+003,6.223742e-002
1.321964e+003,6.209774e-002
1.322446e+003,6.191298e-002
1.322928e+003,6.168439e-002
1.323410e+003,6.142001e-002
1.323893e+003,6.113411e-002
1.324375e+003,6.084421e-002
1.324857e+003,6.056690e-002
1.325339e+003,6.031748e-002
1.325821e+003,6.010561e-002
1.326303e+003,5.993556e-002
1.326785e+003,5.980441e-002
1.327267e+003,5.970252e-002
1.327750e+003,5.961458e-002
1.328232e+003,5.952120e-002
1.328714e+003,5.940558e-002
1.329196e+003,5.925662e-002
1.329678e+003,5.907419e-002
1.330160e+003,5.886963e-002
1.330642e+003,5.866475e-002
1.331124e+003,5.848604e-002
1.331606e+003,5.835553e-002
1.332089e+003,5.828647e-002
1.332571e+003,5.827850e-002
1.333053e+003,5.831935e-002
1.333535e+003,5.838999e-002
1.334017e+003,5.847152e-002
1.334499e+003,5.855232e-002
1.334981e+003,5.863123e-002
1.335463e+003,5.871884e-002
1.335945e+003,5.883346e-002
1.336427e+003,5.899785e-002
1.336910e+003,5.923124e-002
1.337392e+003,5.954167e-002
1.337874e+003,5.992000e-002
1.338356e+003,6.033479e-002
1.338838e+003,6.073793e-002
1.339320e+003,6.107411e-002
1.339802e+003,6.130732e-002
1.340284e+003,6.143577e-002
1.340767e+003,6.149181e-002
1.341249e+003,6.152304e-002
1.341731e+003,6.157315e-002
1.342213e+003,6.167483e-002
1.342695e+003,6.184250e-002
1.343177e+003,6.207555e-002
1.343659e+003,6.235934e-002
1.344141e+003,6.266982e-002
1.344624e+003,6.297720e-002
1.345106e+003,6.325135e-002
1.345588e+003,6.347058e-002
1.346070e+003,6.362389e-002
1.346552e+003,6.371275e-002
1.347034e+003,6.374952e-002
1.347516e+003,6.375471e-002
1.347998e+003,6.375220e-002
1.348480e+003,6.376242e-002
1.348963e+003,6.379930e-002
1.349445e+003,6.386623e-002
1.349927e+003,6.395623e-002
1.350409e+003,6.405490e-002
1.350891e+003,6.414603e-002
1.351373e+003,6.421773e-002
1.351855e+003,6.426383e-002
1.352337e+003,6.428502e-002
1.352820e+003,6.428611e-002
1.353302e+003,6.427339e-002
1.353784e+003,6.425197e-002
1.354266e+003,6.422476e-002
1.354748e+003,6.419395e-002
1.355230e+003,6.416196e-002
1.355712e+003,6.413257e-002
1.356194e+003,6.411009e-002
1.356677e+003,6.409708e-002
1.357159e+003,6.409276e-002
1.357641e+003,6.409238e-002
1.358123e+003,6.408991e-002
1.358605e+003,6.408119e-002
1.359087e+003,6.406821e-002
1.359569e+003,6.406114e-002
1.360051e+003,6.407823e-002
1.360533e+003,6.414200e-002
1.361016e+003,6.427020e-002
1.361498e+003,6.446636e-002
1.361980e+003,6.470926e-002
1.362462e+003,6.495711e-002
1.362944e+003,6.516228e-002
1.363426e+003,6.529584e-002
1.363908e+003,6.535941e-002
1.364390e+003,6.537612e-002
1.364872e+003,6.537433e-002
1.365354e+003,6.537459e-002
1.365837e+003,6.538808e-002
1.366319e+003,6.541751e-002
1.366801e+003,6.546230e-002
1.367283e+003,6.552294e-002
1.367765e+003,6.560377e-002
1.368247e+003,6.571127e-002
1.368729e+003,6.584974e-002
1.369211e+003,6.601691e-002
1.369694e+003,6.620312e-002
1.370176e+003,6.639547e-002
1.370658e+003,6.658521e-002
1.371140e+003,6.677411e-002
1.371622e+003,6.697753e-002
1.372104e+003,6.722315e-002
1.372586e+003,6.754469e-002
1.373068e+003,6.797123e-002
1.373551e+003,6.850846e-002
1.374033e+003,6.912833e-002
1.374515e+003,6.977391e-002
1.374997e+003,7.038759e-002
1.375479e+003,7.093305e-002
1.375961e+003,7.139768e-002
1.376443e+003,7.177630e-002
1.376925e+003,7.205086e-002
1.377407e+003,7.218093e-002
1.377890e+003,7.211524e-002
1.378372e+003,7.180516e-002
1.378854e+003,7.123113e-002
1.379336e+003,7.041626e-002
1.379818e+003,6.942239e-002
1.380300e+003,6.832949e-002
1.380782e+003,6.720679e-002
1.381264e+003,6.610911e-002
1.381747e+003,6.507121e-002
1.382229e+003,6.411251e-002
1.382711e+003,6.324548e-002
1.383193e+003,6.247555e-002
1.383675e+003,6.179975e-002
1.384157e+003,6.120568e-002
1.384639e+003,6.066982e-002
1.385121e+003,6.016111e-002
1.385604e+003,5.964361e-002
1.386086e+003,5.908947e-002
1.386568e+003,5.849362e-002
1.387050e+003,5.788219e-002
1.387532e+003,5.730599e-002
1.388014e+003,5.681403e-002
1.388496e+003,5.643119e-002
1.388978e+003,5.615317e-002
1.389460e+003,5.595772e-002
1.389943e+003,5.581644e-002
1.390425e+003,5.570457e-002
1.390907e+003,5.560359e-002
1.391389e+003,5.549990e-002
1.391871e+003,5.538308e-002
1.392353e+003,5.524231e-002
1.392835e+003,5.506408e-002
1.393317e+003,5.483396e-002
1.393799e+003,5.454297e-002
1.394281e+003,5.419986e-002
1.394764e+003,5.383750e-002
1.395246e+003,5.350824e-002
1.395728e+003,5.326045e-002
1.396210e+003,5.311597e-002
1.396692e+003,5.306739e-002
1.397174e+003,5.308436e-002
1.397656e+003,5.312762e-002
1.398138e+003,5.315401e-002
1.398621e+003,5.312929e-002
1.399103e+003,5.304001e-002
1.399585e+003,5.289491e-002
1.400067e+003,5.271748e-002
1.400549e+003,5.252983e-002
1.401031e+003,5.234484e-002
1.401513e+003,5.216514e-002
1.401995e+003,5.198878e-002
1.402478e+003,5.181600e-002
1.402960e+003,5.165329e-002
1.403442e+003,5.151420e-002
1.403924e+003,5.141767e-002
1.404406e+003,5.137780e-002
1.404888e+003,5.139594e-002
1.405370e+003,5.145667e-002
1.405852e+003,5.153805e-002
1.406334e+003,5.162256e-002
1.406817e+003,5.170654e-002
1.407299e+003,5.180073e-002
1.407781e+003,5.192597e-002
1.408263e+003,5.210640e-002
1.408745e+003,5.236085e-002
1.409227e+003,5.270044e-002
1.409709e+003,5.312373e-002
1.410191e+003,5.361948e-002
1.410674e+003,5.416908e-002
1.411156e+003,5.475336e-002
1.411638e+003,5.535734e-002
1.412120e+003,5.597083e-002
1.412602e+003,5.658661e-002
1.413084e+003,5.719714e-002
1.413566e+003,5.779215e-002
1.414048e+003,5.836016e-002
1.414531e+003,5.889228e-002
1.415013e+003,5.938220e-002
1.415495e+003,5.982872e-002
1.415977e+003,6.023280e-002
1.416459e+003,6.059000e-002
1.416941e+003,6.088234e-002
1.417423e+003,6.107185e-002
1.417905e+003,6.110514e-002
1.418387e+003,6.094559e-002
1.418870e+003,6.061555e-002
1.419352e+003,6.020416e-002
1.419834e+003,5.981108e-002
1.420316e+003,5.949179e-002
1.420798e+003,5.924764e-002
1.421280e+003,5.904596e-002
1.421762e+003,5.884335e-002
1.422244e+003,5.859884e-002
1.422726e+003,5.828729e-002
1.423208e+003,5.790905e-002
1.423691e+003,5.749919e-002
1.424173e+003,5.711577e-002
1.424655e+003,5.681873e-002
1.425137e+003,5.664221e-002
1.425619e+003,5.658758e-002
1.426101e+003,5.663823e-002
1.426583e+003,5.677457e-002
1.427065e+003,5.698453e-002
1.427548e+003,5.726200e-002
1.428030e+003,5.760306e-002
1.428512e+003,5.800086e-002
1.428994e+003,5.844046e-002
1.429476e+003,5.890357e-002
1.429958e+003,5.937693e-002
1.430440e+003,5.985928e-002
1.430922e+003,6.036048e-002
1.431405e+003,6.089122e-002
1.431887e+003,6.145718e-002
1.432369e+003,6.205383e-002
1.432851e+003,6.267231e-002
1.433333e+003,6.330376e-002
1.433815e+003,6.394921e-002
1.434297e+003,6.462211e-002
1.434779e+003,6.534377e-002
1.435261e+003,6.613150e-002
1.435744e+003,6.697448e-002
1.436226e+003,6.781260e-002
1.436708e+003,6.855090e-002
1.437190e+003,6.912144e-002
1.437672e+003,6.952870e-002
1.438154e+003,6.982709e-002
1.438636e+003,7.007949e-002
1.439118e+003,7.033065e-002
1.439601e+003,7.060110e-002
1.440083e+003,7.089549e-002
1.440565e+003,7.120864e-002
1.441047e+003,7.153250e-002
1.441529e+003,7.185956e-002
1.442011e+003,7.218352e-002
1.442493e+003,7.249898e-002
1.442975e+003,7.279778e-002
1.443458e+003,7.306967e-002
1.443940e+003,7.330678e-002
1.444422e+003,7.351051e-002
1.444904e+003,7.370014e-002
1.445386e+003,7.391462e-002
1.445868e+003,7.421394e-002
1.446350e+003,7.466304e-002
1.446832e+003,7.530636e-002
1.447314e+003,7.613949e-002
1.447797e+003,7.709331e-002
1.448279e+003,7.806206e-002
1.448761e+003,7.895590e-002
1.449243e+003,7.975341e-002
1.449725e+003,8.050229e-002
1.450207e+003,8.129367e-002
1.450689e+003,8.221783e-002
1.451171e+003,8.333487e-002
1.451653e+003,8.465108e-002
1.452135e+003,8.611934e-002
1.452618e+003,8.765353e-002
1.453100e+003,8.916101e-002
1.453582e+003,9.059029e-002
1.454064e+003,9.193949e-002
1.454546e+003,9.325410e-002
1.455028e+003,9.460313e-002
1.455510e+003,9.604341e-002
1.455992e+003,9.755585e-002
1.456475e+003,9.896637e-002
1.456957e+003,9.998749e-002
1.457439e+003,1.004753e-001
1.457921e+003,1.005753e-001
1.458403e+003,1.005388e-001
1.458885e+003,1.004956e-001
1.459367e+003,1.004630e-001
1.459849e+003,1.004264e-001
1.460332e+003,1.003793e-001
1.460814e+003,1.003326e-001
1.461296e+003,1.003070e-001
1.461778e+003,1.003201e-001
1.462260e+003,1.003785e-001
1.462742e+003,1.004717e-001
1.463224e+003,1.005730e-001
1.463706e+003,1.006498e-001
1.464188e+003,1.006729e-001
1.464671e+003,1.006279e-001
1.465153e+003,1.005013e-001
1.465635e+003,1.002504e-001
1.466117e+003,9.980065e-002
1.466599e+003,9.906671e-002
1.467081e+003,9.798387e-002
1.467563e+003,9.654444e-002
1.468045e+003,9.479399e-002
1.468528e+003,9.281717e-002
1.469010e+003,9.068505e-002
1.469492e+003,8.842635e-002
1.469974e+003,8.598337e-002
1.470456e+003,8.317918e-002
1.470938e+003,7.973930e-002
1.471420e+003,7.541291e-002
1.471902e+003,7.024579e-002
1.472385e+003,6.479498e-002
1.472867e+003,5.991463e-002
1.473349e+003,5.617021e-002
1.473831e+003,5.356169e-002
1.474313e+003,5.174819e-002
1.474795e+003,5.037512e-002
1.475277e+003,4.919467e-002
1.475759e+003,4.809986e-002
1.476241e+003,4.708046e-002
1.476724e+003,4.616487e-002
1.477206e+003,4.537285e-002
1.477688e+003,4.469327e-002
1.478170e+003,4.409076e-002
1.478652e+003,4.352197e-002
1.479134e+003,4.295289e-002
1.479616e+003,4.237032e-002
1.480098e+003,4.178618e-002
1.480580e+003,4.123370e-002
1.481063e+003,4.075732e-002
1.481545e+003,4.038902e-002
1.482027e+003,4.013562e-002
1.482509e+003,3.997730e-002
1.482991e+003,3.988265e-002
1.483473e+003,3.982132e-002
1.483955e+003,3.977209e-002
1.484437e+003,3.972495e-002
1.484919e+003,3.967685e-002
1.485402e+003,3.962848e-002
1.485884e+003,3.958129e-002
1.486366e+003,3.953636e-002
1.486848e+003,3.949266e-002
1.487330e+003,3.944727e-002
1.487812e+003,3.939229e-002
1.488294e+003,3.931382e-002
1.488776e+003,3.919489e-002
1.489259e+003,3.902517e-002
1.489741e+003,3.881571e-002
1.490223e+003,3.860205e-002
1.490705e+003,3.842460e-002
1.491187e+003,3.830677e-002
1.491669e+003,3.824905e-002
1.492151e+003,3.823869e-002
1.492633e+003,3.825759e-002
1.493115e+003,3.828787e-002
1.493598e+003,3.831127e-002
1.494080e+003,3.831090e-002
1.494562e+003,3.827051e-002
1.495044e+003,3.817581e-002
1.495526e+003,3.801831e-002
1.496008e+003,3.780144e-002
1.496490e+003,3.754454e-002
1.496972e+003,3.727778e-002
1.497455e+003,3.703080e-002
1.497937e+003,3.682254e-002
1.498419e+003,3.666057e-002
1.498901e+003,3.654514e-002
1.499383e+003,3.647310e-002
1.499865e+003,3.643958e-002
1.500347e+003,3.643781e-002
1.500829e+003,3.646084e-002
1.501312e+003,3.650293e-002
1.501794e+003,3.656163e-002
1.502276e+003,3.663823e-002
1.502758e+003,3.673779e-002
1.503240e+003,3.686771e-002
1.503722e+003,3.703565e-002
1.504204e+003,3.724939e-002
1.504686e+003,3.751155e-002
1.505168e+003,3.781308e-002
1.505651e+003,3.811894e-002
1.506133e+003,3.833782e-002
1.506615e+003,3.833691e-002
1.507097e+003,3.808109e-002
1.507579e+003,3.774722e-002
1.508061e+003,3.750701e-002
1.508543e+003,3.737734e-002
1.509025e+003,3.730324e-002
1.509507e+003,3.723466e-002
1.509990e+003,3.714522e-002
1.510472e+003,3.702838e-002
1.510954e+003,3.689478e-002
1.511436e+003,3.676635e-002
1.511918e+003,3.667078e-002
1.512400e+003,3.663123e-002
1.512882e+003,3.666222e-002
1.513364e+003,3.676802e-002
1.513846e+003,3.694382e-002
1.514329e+003,3.717568e-002
1.514811e+003,3.743699e-002
1.515293e+003,3.768693e-002
1.515775e+003,3.786448e-002
1.516257e+003,3.790195e-002
1.516739e+003,3.776261e-002
1.517221e+003,3.747264e-002
1.517703e+003,3.711173e-002
1.518186e+003,3.675697e-002
1.518668e+003,3.645743e-002
1.519150e+003,3.622893e-002
1.519632e+003,3.607043e-002
1.520114e+003,3.597892e-002
1.520596e+003,3.595562e-002
1.521078e+003,3.600186e-002
1.521560e+003,3.609855e-002
1.522042e+003,3.620003e-002
1.522525e+003,3.626028e-002
1.523007e+003,3.625782e-002
1.523489e+003,3.619746e-002
1.523971e+003,3.609551e-002
1.524453e+003,3.597473e-002
1.524935e+003,3.586160e-002
1.525417e+003,3.578205e-002
1.525899e+003,3.574927e-002
1.526382e+003,3.575188e-002
1.526864e+003,3.575642e-002
1.527346e+003,3.572452e-002
1.527828e+003,3.563572e-002
1.528310e+003,3.549318e-002
1.528792e+003,3.531856e-002
1.529274e+003,3.513829e-002
1.529756e+003,3.497448e-002
1.530239e+003,3.483802e-002
1.530721e+003,3.472693e-002
1.531203e+003,3.463229e-002
1.531685e+003,3.454709e-002
1.532167e+003,3.448049e-002
1.532649e+003,3.447172e-002
1.533131e+003,3.458349e-002
1.533613e+003,3.485203e-002
1.534095e+003,3.524861e-002
1.534578e+003,3.569856e-002
1.535060e+003,3.613845e-002
1.535542e+003,3.653318e-002
1.536024e+003,3.687245e-002
1.536506e+003,3.715979e-002
1.536988e+003,3.740232e-002
1.537470e+003,3.761072e-002
1.537952e+003,3.779834e-002
1.538434e+003,3.797793e-002
1.538917e+003,3.814867e-002
1.539399e+003,3.827228e-002
1.539881e+003,3.826143e-002
1.540363e+003,3.804127e-002
1.540845e+003,3.764830e-002
1.541327e+003,3.720203e-002
1.541809e+003,3.679342e-002
1.542291e+003,3.645089e-002
1.542773e+003,3.616616e-002
1.543256e+003,3.591981e-002
1.543738e+003,3.569714e-002
1.544220e+003,3.549407e-002
1.544702e+003,3.531549e-002
1.545184e+003,3.516827e-002
1.545666e+003,3.505449e-002
1.546148e+003,3.496882e-002
1.546630e+003,3.490397e-002
1.547113e+003,3.485573e-002
1.547595e+003,3.482679e-002
1.548077e+003,3.483120e-002
1.548559e+003,3.489387e-002
1.549041e+003,3.504037e-002
1.549523e+003,3.528145e-002
1.550005e+003,3.559651e-002
1.550487e+003,3.594058e-002
1.550969e+003,3.626302e-002
1.551452e+003,3.652774e-002
1.551934e+003,3.671675e-002
1.552416e+003,3.682049e-002
1.552898e+003,3.683492e-002
1.553380e+003,3.676124e-002
1.553862e+003,3.660854e-002
1.554344e+003,3.639401e-002
1.554826e+003,3.613463e-002
1.555309e+003,3.584076e-002
1.555791e+003,3.550719e-002
1.556273e+003,3.510997e-002
1.556755e+003,3.460868e-002
1.557237e+003,3.395423e-002
1.557719e+003,3.313522e-002
1.558201e+003,3.233201e-002
1.558683e+003,3.199298e-002
1.559166e+003,3.234738e-002
1.559648e+003,3.302692e-002
1.560130e+003,3.364377e-002
1.560612e+003,3.409202e-002
1.561094e+003,3.439786e-002
1.561576e+003,3.460674e-002
1.562058e+003,3.474811e-002
1.562540e+003,3.483542e-002
1.563022e+003,3.487176e-002
1.563505e+003,3.485419e-002
1.563987e+003,3.478295e-002
1.564469e+003,3.466861e-002
1.564951e+003,3.453619e-002
1.565433e+003,3.441940e-002
1.565915e+003,3.434651e-002
1.566397e+003,3.433783e-002
1.566879e+003,3.440145e-002
1.567361e+003,3.453618e-002
1.567844e+003,3.472883e-002
1.568326e+003,3.494951e-002
1.568808e+003,3.515184e-002
1.569290e+003,3.528263e-002
1.569772e+003,3.531781e-002
1.570254e+003,3.527983e-002
1.570736e+003,3.521826e-002
1.571218e+003,3.517231e-002
1.571700e+003,3.515657e-002
1.572183e+003,3.516731e-002
1.572665e+003,3.519016e-002
1.573147e+003,3.520752e-002
1.573629e+003,3.520146e-002
1.574111e+003,3.515916e-002
1.574593e+003,3.507752e-002
1.575075e+003,3.497177e-002
1.575557e+003,3.487736e-002
1.576040e+003,3.483656e-002
1.576522e+003,3.486640e-002
1.577004e+003,3.494459e-002
1.577486e+003,3.503296e-002
1.577968e+003,3.510628e-002
1.578450e+003,3.515855e-002
1.578932e+003,3.519300e-002
1.579414e+003,3.521400e-002
1.579896e+003,3.522179e-002
1.580379e+003,3.521015e-002
1.580861e+003,3.516818e-002
1.581343e+003,3.508616e-002
1.581825e+003,3.496017e-002
1.582307e+003,3.479768e-002
1.582789e+003,3.461672e-002
1.583271e+003,3.444302e-002
1.583753e+003,3.430191e-002
1.584236e+003,3.421071e-002
1.584718e+003,3.417590e-002
1.585200e+003,3.419154e-002
1.585682e+003,3.424265e-002
1.586164e+003,3.431050e-002
1.586646e+003,3.437925e-002
1.587128e+003,3.443944e-002
1.587610e+003,3.448713e-002
1.588093e+003,3.452262e-002
1.588575e+003,3.454812e-002
1.589057e+003,3.456588e-002
1.589539e+003,3.457779e-002
1.590021e+003,3.458715e-002
1.590503e+003,3.459896e-002
1.590985e+003,3.461937e-002
1.591467e+003,3.465417e-002
1.591949e+003,3.470624e-002
1.592432e+003,3.477276e-002
1.592914e+003,3.484438e-002
1.593396e+003,3.490591e-002
1.593878e+003,3.494118e-002
1.594360e+003,3.493720e-002
1.594842e+003,3.488958e-002
1.595324e+003,3.480627e-002
1.595806e+003,3.470612e-002
1.596288e+003,3.461488e-002
1.596771e+003,3.455627e-002
1.597253e+003,3.454836e-002
1.597735e+003,3.459721e-002
1.598217e+003,3.469722e-002
1.598699e+003,3.483023e-002
1.599181e+003,3.496973e-002
1.599663e+003,3.508812e-002
1.600145e+003,3.516075e-002
1.600627e+003,3.517514e-002
1.601110e+003,3.513606e-002
1.601592e+003,3.506560e-002
1.602074e+003,3.499595e-002
1.602556e+003,3.495768e-002
1.603038e+003,3.497006e-002
1.603520e+003,3.503289e-002
1.604002e+003,3.512897e-002
1.604484e+003,3.523038e-002
1.604967e+003,3.531077e-002
1.605449e+003,3.535218e-002
1.605931e+003,3.534889e-002
1.606413e+003,3.530649e-002
1.606895e+003,3.524005e-002
1.607377e+003,3.517017e-002
1.607859e+003,3.511702e-002
1.608341e+003,3.509810e-002
1.608823e+003,3.512526e-002
1.609306e+003,3.520328e-002
1.609788e+003,3.533076e-002
1.610270e+003,3.549916e-002
1.610752e+003,3.569507e-002
1.611234e+003,3.590046e-002
1.611716e+003,3.609714e-002
1.612198e+003,3.627298e-002
1.612680e+003,3.642312e-002
1.613163e+003,3.655302e-002
1.613645e+003,3.667486e-002
1.614127e+003,3.680356e-002
1.614609e+003,3.694826e-002
1.615091e+003,3.710144e-002
1.615573e+003,3.722598e-002
1.616055e+003,3.725894e-002
1.616537e+003,3.714889e-002
1.617020e+003,3.690664e-002
1.617502e+003,3.661240e-002
1.617984e+003,3.635743e-002
1.618466e+003,3.620280e-002
1.618948e+003,3.616702e-002
1.619430e+003,3.624390e-002
1.619912e+003,3.641505e-002
1.620394e+003,3.665535e-002
1.620876e+003,3.693245e-002
1.621359e+003,3.719850e-002
1.621841e+003,3.739392e-002
1.622323e+003,3.745229e-002
1.622805e+003,3.732913e-002
1.623287e+003,3.703699e-002
1.623769e+003,3.664931e-002
1.624251e+003,3.626145e-002
1.624733e+003,3.593948e-002
1.625215e+003,3.571188e-002
1.625698e+003,3.557756e-002
1.626180e+003,3.552060e-002
1.626662e+003,3.551799e-002
1.627144e+003,3.554301e-002
1.627626e+003,3.557122e-002
1.628108e+003,3.558517e-002
1.628590e+003,3.558235e-002
1.629072e+003,3.557415e-002
1.629554e+003,3.557917e-002
1.630037e+003,3.561357e-002
1.630519e+003,3.568506e-002
1.631001e+003,3.579306e-002
1.631483e+003,3.592810e-002
1.631965e+003,3.607564e-002
1.632447e+003,3.621510e-002
1.632929e+003,3.632382e-002
1.633411e+003,3.637771e-002
1.633894e+003,3.635171e-002
1.634376e+003,3.622704e-002
1.634858e+003,3.600993e-002
1.635340e+003,3.576552e-002
1.635822e+003,3.560957e-002
1.636304e+003,3.563030e-002
1.636786e+003,3.581678e-002
1.637268e+003,3.609251e-002
1.637750e+003,3.638486e-002
1.638233e+003,3.664917e-002
1.638715e+003,3.686551e-002
1.639197e+003,3.702532e-002
1.639679e+003,3.712866e-002
1.640161e+003,3.718311e-002
1.640643e+003,3.720220e-002
1.641125e+003,3.720246e-002
1.641607e+003,3.719877e-002
1.642090e+003,3.720213e-002
1.642572e+003,3.721958e-002
1.643054e+003,3.725671e-002
1.643536e+003,3.732339e-002
1.644018e+003,3.743882e-002
1.644500e+003,3.763425e-002
1.644982e+003,3.795150e-002
1.645464e+003,3.842349e-002
1.645947e+003,3.903313e-002
1.646429e+003,3.965056e-002
1.646911e+003,4.006511e-002
1.647393e+003,4.015169e-002
1.647875e+003,3.997666e-002
1.648357e+003,3.970113e-002
1.648839e+003,3.944983e-002
1.649321e+003,3.928652e-002
1.649803e+003,3.922689e-002
1.650286e+003,3.926304e-002
1.650768e+003,3.937236e-002
1.651250e+003,3.951707e-002
1.651732e+003,3.963386e-002
1.652214e+003,3.962309e-002
1.652696e+003,3.940143e-002
1.653178e+003,3.904335e-002
1.653660e+003,3.877939e-002
1.654142e+003,3.871377e-002
1.654625e+003,3.877595e-002
1.655107e+003,3.886923e-002
1.655589e+003,3.894101e-002
1.656071e+003,3.897193e-002
1.656553e+003,3.896208e-002
1.657035e+003,3.891970e-002
1.657517e+003,3.885415e-002
1.657999e+003,3.877137e-002
1.658481e+003,3.867190e-002
1.658964e+003,3.855146e-002
1.659446e+003,3.840437e-002
1.659928e+003,3.822599e-002
1.660410e+003,3.801834e-002
1.660892e+003,3.779275e-002
1.661374e+003,3.757046e-002
1.661856e+003,3.738262e-002
1.662338e+003,3.725895e-002
1.662821e+003,3.721362e-002
1.663303e+003,3.723773e-002
1.663785e+003,3.730907e-002
1.664267e+003,3.740811e-002
1.664749e+003,3.752565e-002
1.665231e+003,3.766190e-002
1.665713e+003,3.782010e-002
1.666195e+003,3.800114e-002
1.666677e+003,3.820047e-002
1.667160e+003,3.840608e-002
1.667642e+003,3.859628e-002
1.668124e+003,3.874740e-002
1.668606e+003,3.884234e-002
1.669088e+003,3.888477e-002
1.669570e+003,3.889973e-002
1.670052e+003,3.891959e-002
1.670534e+003,3.896121e-002
1.671017e+003,3.901991e-002
1.671499e+003,3.908217e-002
1.671981e+003,3.913974e-002
1.672463e+003,3.919471e-002
1.672945e+003,3.925950e-002
1.673427e+003,3.935436e-002
1.673909e+003,3.950111e-002
1.674391e+003,3.971330e-002
1.674874e+003,3.998165e-002
1.675356e+003,4.027184e-002
1.675838e+003,4.054213e-002
1.676320e+003,4.077004e-002
1.676802e+003,4.095827e-002
1.677284e+003,4.112238e-002
1.677766e+003,4.127742e-002
1.678248e+003,4.143205e-002
1.678730e+003,4.158682e-002
1.679213e+003,4.173790e-002
1.679695e+003,4.188179e-002
1.680177e+003,4.202150e-002
1.680659e+003,4.216942e-002
1.681141e+003,4.234421e-002
1.681623e+003,4.256359e-002
1.682105e+003,4.283350e-002
1.682587e+003,4.313133e-002
1.683069e+003,4.337910e-002
1.683552e+003,4.345102e-002
1.684034e+003,4.326770e-002
1.684516e+003,4.293603e-002
1.684998e+003,4.266260e-002
1.685480e+003,4.257011e-002
1.685962e+003,4.266628e-002
1.686444e+003,4.290950e-002
1.686926e+003,4.325575e-002
1.687408e+003,4.366478e-002
1.687891e+003,4.410192e-002
1.688373e+003,4.453176e-002
1.688855e+003,4.492328e-002
1.689337e+003,4.525833e-002
1.689819e+003,4.553296e-002
1.690301e+003,4.575688e-002
1.690783e+003,4.594577e-002
1.691265e+003,4.611436e-002
1.691748e+003,4.627378e-002
1.692230e+003,4.643285e-002
1.692712e+003,4.660202e-002
1.693194e+003,4.679814e-002
1.693676e+003,4.704897e-002
1.694158e+003,4.739726e-002
1.694640e+003,4.789501e-002
1.695122e+003,4.858063e-002
1.695604e+003,4.943071e-002
1.696087e+003,5.033448e-002
1.696569e+003,5.114727e-002
1.697051e+003,5.178503e-002
1.697533e+003,5.225876e-002
1.698015e+003,5.264121e-002
1.698497e+003,5.304186e-002
1.698979e+003,5.359093e-002
1.699461e+003,5.442404e-002
1.699944e+003,5.560318e-002
1.700426e+003,5.701835e-002
1.700908e+003,5.845258e-002
1.701390e+003,5.975086e-002
1.701872e+003,6.088680e-002
1.702354e+003,6.190999e-002
1.702836e+003,6.288932e-002
1.703318e+003,6.389334e-002
1.703801e+003,6.498447e-002
1.704283e+003,6.621549e-002
1.704765e+003,6.761046e-002
1.705247e+003,6.913549e-002
1.705729e+003,7.069167e-002
1.706211e+003,7.215569e-002
1.706693e+003,7.343610e-002
1.707175e+003,7.449982e-002
1.707657e+003,7.535812e-002
1.708140e+003,7.604446e-002
1.708622e+003,7.660433e-002
1.709104e+003,7.708940e-002
1.709586e+003,7.755481e-002
1.710068e+003,7.804656e-002
1.710550e+003,7.858911e-002
1.711032e+003,7.917619e-002
1.711514e+003,7.977247e-002
1.711996e+003,8.032332e-002
1.712479e+003,8.076344e-002
1.712961e+003,8.103748e-002
1.713443e+003,8.111209e-002
1.713925e+003,8.099228e-002
1.714407e+003,8.072033e-002
1.714889e+003,8.036926e-002
1.715371e+003,8.001749e-002
1.715853e+003,7.971375e-002
1.716335e+003,7.946923e-002
1.716818e+003,7.927871e-002
1.717300e+003,7.915819e-002
1.717782e+003,7.914832e-002
1.718264e+003,7.927676e-002
1.718746e+003,7.952483e-002
1.719228e+003,7.984751e-002
1.719710e+003,8.020481e-002
1.720192e+003,8.058316e-002
1.720675e+003,8.100067e-002
1.721157e+003,8.150697e-002
1.721639e+003,8.217163e-002
1.722121e+003,8.307245e-002
1.722603e+003,8.426420e-002
1.723085e+003,8.575211e-002
1.723567e+003,8.747881e-002
1.724049e+003,8.934750e-002
1.724531e+003,9.126992e-002
1.725014e+003,9.319940e-002
1.725496e+003,9.514465e-002
1.725978e+003,9.714848e-002
1.726460e+003,9.926054e-002
1.726942e+003,1.015148e-001
1.727424e+003,1.039209e-001
1.727906e+003,1.064586e-001
1.728388e+003,1.090953e-001
1.728871e+003,1.117946e-001
1.729353e+003,1.145230e-001
1.729835e+003,1.172591e-001
1.730317e+003,1.199949e-001
1.730799e+003,1.227486e-001
1.731281e+003,1.255916e-001
1.731763e+003,1.287063e-001
1.732245e+003,1.324729e-001
1.732728e+003,1.374780e-001
1.733210e+003,1.443588e-001
1.733692e+003,1.531700e-001
1.734174e+003,1.627725e-001
1.734656e+003,1.714529e-001
1.735138e+003,1.782543e-001
1.735620e+003,1.833050e-001
1.736102e+003,1.872311e-001
1.736584e+003,1.906646e-001
1.737067e+003,1.940951e-001
1.737549e+003,1.978956e-001
1.738031e+003,2.023126e-001
1.738513e+003,2.074189e-001
1.738995e+003,2.129972e-001
1.739477e+003,2.185605e-001
1.739959e+003,2.235653e-001
1.740441e+003,2.276650e-001
1.740923e+003,2.308357e-001
1.741406e+003,2.332467e-001
1.741888e+003,2.350940e-001
1.742370e+003,2.364743e-001
1.742852e+003,2.373732e-001
1.743334e+003,2.377151e-001
1.743816e+003,2.374520e-001
1.744298e+003,2.366160e-001
1.744780e+003,2.353097e-001
1.745262e+003,2.336317e-001
1.745745e+003,2.316122e-001
1.746227e+003,2.291768e-001
1.746709e+003,2.261630e-001
1.747191e+003,2.223812e-001
1.747673e+003,2.177079e-001
1.748155e+003,2.121609e-001
1.748637e+003,2.058810e-001
1.749119e+003,1.990310e-001
1.749602e+003,1.917332e-001
1.750084e+003,1.840543e-001
1.750566e+003,1.761249e-001
1.751048e+003,1.682428e-001
1.751530e+003,1.607668e-001
1.752012e+003,1.539871e-001
1.752494e+003,1.480048e-001
1.752976e+003,1.427435e-001
1.753458e+003,1.380008e-001
1.753941e+003,1.335108e-001
1.754423e+003,1.289960e-001
1.754905e+003,1.242010e-001
1.755387e+003,1.189563e-001
1.755869e+003,1.132721e-001
1.756351e+003,1.073925e-001
1.756833e+003,1.017216e-001
1.757315e+003,9.664959e-002
1.757798e+003,9.236193e-002
1.758280e+003,8.881704e-002
1.758762e+003,8.582869e-002
1.759244e+003,8.316758e-002
1.759726e+003,8.062352e-002
1.760208e+003,7.803366e-002
1.760690e+003,7.531837e-002
1.761172e+003,7.250398e-002
1.761655e+003,6.972647e-002
1.762137e+003,6.717265e-002
1.762619e+003,6.498492e-002
1.763101e+003,6.320038e-002
1.763583e+003,6.176415e-002
1.764065e+003,6.057654e-002
1.764547e+003,5.953445e-002
1.765029e+003,5.855143e-002
1.765511e+003,5.756340e-002
1.765994e+003,5.653284e-002
1.766476e+003,5.545280e-002
1.766958e+003,5.435565e-002
1.767440e+003,5.330506e-002
1.767922e+003,5.236892e-002
1.768404e+003,5.159125e-002
1.768886e+003,5.096984e-002
1.769368e+003,5.046458e-002
1.769850e+003,5.001095e-002
1.770333e+003,4.954401e-002
1.770815e+003,4.901710e-002
1.771297e+003,4.841747e-002
1.771779e+003,4.778427e-002
1.772261e+003,4.719052e-002
1.772743e+003,4.669361e-002
1.773225e+003,4.629616e-002
1.773707e+003,4.595993e-002
1.774189e+003,4.563774e-002
1.774672e+003,4.530169e-002
1.775154e+003,4.494700e-002
1.775636e+003,4.458871e-002
1.776118e+003,4.425183e-002
1.776600e+003,4.396273e-002
1.777082e+003,4.374079e-002
1.777564e+003,4.359085e-002
1.778046e+003,4.350471e-002
1.778529e+003,4.346200e-002
1.779011e+003,4.343509e-002
1.779493e+003,4.339276e-002
1.779975e+003,4.330797e-002
1.780457e+003,4.316986e-002
1.780939e+003,4.298718e-002
1.781421e+003,4.278463e-002
1.781903e+003,4.259046e-002
1.782385e+003,4.242901e-002
1.782868e+003,4.231472e-002
1.783350e+003,4.225069e-002
1.783832e+003,4.222941e-002
1.784314e+003,4.223277e-002
1.784796e+003,4.223788e-002
1.785278e+003,4.222152e-002
1.785760e+003,4.216978e-002
1.786242e+003,4.208130e-002
1.786725e+003,4.196411e-002
1.787207e+003,4.183024e-002
1.787689e+003,4.168997e-002
1.788171e+003,4.154990e-002
1.788653e+003,4.141032e-002
1.789135e+003,4.126551e-002
1.789617e+003,4.110420e-002
1.790099e+003,4.091333e-002
1.790582e+003,4.068303e-002
1.791064e+003,4.041770e-002
1.791546e+003,4.014396e-002
1.792028e+003,3.990789e-002
1.792510e+003,3.975393e-002
1.792992e+003,3.970045e-002
1.793474e+003,3.973511e-002
1.793956e+003,3.982857e-002
1.794438e+003,3.994957e-002
1.794921e+003,4.007046e-002
1.795403e+003,4.016937e-002
1.795885e+003,4.023280e-002
1.796367e+003,4.025328e-002
1.796849e+003,4.023135e-002
1.797331e+003,4.017305e-002
1.797813e+003,4.008737e-002
1.798295e+003,3.998262e-002
1.798777e+003,3.986264e-002
1.799260e+003,3.972803e-002
1.799742e+003,3.957711e-002
1.800224e+003,3.940970e-002
1.800706e+003,3.922996e-002
1.801188e+003,3.904698e-002
1.801670e+003,3.887183e-002
1.802152e+003,3.871515e-002
1.802634e+003,3.858455e-002
1.803116e+003,3.848474e-002
1.803599e+003,3.841881e-002
1.804081e+003,3.838797e-002
1.804563e+003,3.839032e-002
1.805045e+003,3.841861e-002
1.805527e+003,3.846041e-002
1.806009e+003,3.849818e-002
1.806491e+003,3.851097e-002
1.806973e+003,3.848205e-002
1.807456e+003,3.840324e-002
1.807938e+003,3.828121e-002
1.808420e+003,3.813814e-002
1.808902e+003,3.800922e-002
1.809384e+003,3.793436e-002
1.809866e+003,3.794309e-002
1.810348e+003,3.804407e-002
1.810830e+003,3.821697e-002
1.811313e+003,3.841991e-002
1.811795e+003,3.860028e-002
1.812277e+003,3.871632e-002
1.812759e+003,3.875048e-002
1.813241e+003,3.870638e-002
1.813723e+003,3.860284e-002
1.814205e+003,3.846040e-002
1.814687e+003,3.829860e-002
1.815169e+003,3.813107e-002
1.815652e+003,3.796681e-002
1.816134e+003,3.781529e-002
1.816616e+003,3.768707e-002
1.817098e+003,3.759482e-002
1.817580e+003,3.755171e-002
1.818062e+003,3.756564e-002
1.818544e+003,3.763604e-002
1.819026e+003,3.775173e-002
1.819509e+003,3.789289e-002
1.819991e+003,3.803685e-002
1.820473e+003,3.816250e-002
1.820955e+003,3.825811e-002
1.821437e+003,3.832338e-002
1.821919e+003,3.836588e-002
1.822401e+003,3.839695e-002
1.822883e+003,3.842495e-002
1.823365e+003,3.845142e-002
1.823848e+003,3.846959e-002
1.824330e+003,3.846815e-002
1.824812e+003,3.843807e-002
1.825294e+003,3.837995e-002
1.825776e+003,3.830167e-002
1.826258e+003,3.821158e-002
1.826740e+003,3.811045e-002
1.827222e+003,3.798763e-002
1.827704e+003,3.782239e-002
1.828187e+003,3.759307e-002
1.828669e+003,3.729058e-002
1.829151e+003,3.693847e-002
1.829633e+003,3.659750e-002
1.830115e+003,3.634711e-002
1.830597e+003,3.623989e-002
1.831079e+003,3.627601e-002
1.831561e+003,3.641504e-002
1.832043e+003,3.660234e-002
1.832526e+003,3.679105e-002
1.833008e+003,3.694655e-002
1.833490e+003,3.705169e-002
1.833972e+003,3.710427e-002
1.834454e+003,3.711442e-002
1.834936e+003,3.709851e-002
1.835418e+003,3.707303e-002
1.835900e+003,3.704925e-002
1.836383e+003,3.703085e-002
1.836865e+003,3.701644e-002
1.837347e+003,3.700538e-002
1.837829e+003,3.700219e-002
1.838311e+003,3.701691e-002
1.838793e+003,3.706213e-002
1.839275e+003,3.714723e-002
1.839757e+003,3.727413e-002
1.840240e+003,3.743637e-002
1.840722e+003,3.762162e-002
1.841204e+003,3.781160e-002
1.841686e+003,3.798269e-002
1.842168e+003,3.810884e-002
1.842650e+003,3.816121e-002
1.843132e+003,3.811773e-002
1.843614e+003,3.797459e-002
1.844096e+003,3.775742e-002
1.844579e+003,3.751386e-002
1.845061e+003,3.729055e-002
1.845543e+003,3.711567e-002
1.846025e+003,3.699260e-002
1.846507e+003,3.690756e-002
1.846989e+003,3.683837e-002
1.847471e+003,3.676299e-002
1.847953e+003,3.666727e-002
1.848436e+003,3.654768e-002
1.848918e+003,3.641480e-002
1.849400e+003,3.628792e-002
1.849882e+003,3.618926e-002
1.850364e+003,3.613494e-002
1.850846e+003,3.613028e-002
1.851328e+003,3.616990e-002
1.851810e+003,3.624221e-002
1.852292e+003,3.633629e-002
1.852775e+003,3.644673e-002
1.853257e+003,3.657727e-002
1.853739e+003,3.673722e-002
1.854221e+003,3.693356e-002
1.854703e+003,3.716302e-002
1.855185e+003,3.740587e-002
1.855667e+003,3.762640e-002
1.856149e+003,3.778455e-002
1.856631e+003,3.784502e-002
1.857114e+003,3.779213e-002
1.857596e+003,3.763736e-002
1.858078e+003,3.741833e-002
1.858560e+003,3.718659e-002
1.859042e+003,3.698712e-002
1.859524e+003,3.685037e-002
1.860006e+003,3.678231e-002
1.860488e+003,3.677011e-002
1.860970e+003,3.678877e-002
1.861453e+003,3.681268e-002
1.861935e+003,3.682314e-002
1.862417e+003,3.680754e-002
1.862899e+003,3.675820e-002
1.863381e+003,3.666821e-002
1.863863e+003,3.653031e-002
1.864345e+003,3.634004e-002
1.864827e+003,3.610037e-002
1.865310e+003,3.582939e-002
1.865792e+003,3.556109e-002
1.866274e+003,3.534257e-002
1.866756e+003,3.522815e-002
1.867238e+003,3.526017e-002
1.867720e+003,3.544954e-002
1.868202e+003,3.575793e-002
1.868684e+003,3.610976e-002
1.869167e+003,3.642391e-002
1.869649e+003,3.665473e-002
1.870131e+003,3.680532e-002
1.870613e+003,3.690653e-002
1.871095e+003,3.699060e-002
1.871577e+003,3.707322e-002
1.872059e+003,3.715101e-002
1.872541e+003,3.720522e-002
1.873023e+003,3.721433e-002
1.873506e+003,3.716305e-002
1.873988e+003,3.705331e-002
1.874470e+003,3.690533e-002
1.874952e+003,3.675511e-002
1.875434e+003,3.664275e-002
1.875916e+003,3.659835e-002
1.876398e+003,3.663702e-002
1.876880e+003,3.675376e-002
1.877363e+003,3.692821e-002
1.877845e+003,3.712862e-002
1.878327e+003,3.732128e-002
1.878809e+003,3.747820e-002
1.879291e+003,3.757586e-002
1.879773e+003,3.759958e-002
1.880255e+003,3.754300e-002
1.880737e+003,3.740840e-002
1.881219e+003,3.720769e-002
1.881702e+003,3.696116e-002
1.882184e+003,3.669664e-002
1.882666e+003,3.644236e-002
1.883148e+003,3.622292e-002
1.883630e+003,3.605542e-002
1.884112e+003,3.594524e-002
1.884594e+003,3.588662e-002
1.885076e+003,3.586579e-002
1.885558e+003,3.586836e-002
1.886041e+003,3.588400e-002
1.886523e+003,3.590862e-002
1.887005e+003,3.594317e-002
1.887487e+003,3.598874e-002
1.887969e+003,3.604024e-002
1.888451e+003,3.608427e-002
1.888933e+003,3.610034e-002
1.889415e+003,3.607249e-002
1.889897e+003,3.600177e-002
1.890380e+003,3.591434e-002
1.890862e+003,3.585432e-002
1.891344e+003,3.586711e-002
1.891826e+003,3.599026e-002
1.892308e+003,3.623945e-002
1.892790e+003,3.660242e-002
1.893272e+003,3.703361e-002
1.893754e+003,3.745831e-002
1.894237e+003,3.779032e-002
1.894719e+003,3.795017e-002
1.895201e+003,3.789813e-002
1.895683e+003,3.764689e-002
1.896165e+003,3.725509e-002
1.896647e+003,3.680105e-002
1.897129e+003,3.635564e-002
1.897611e+003,3.596946e-002
1.898094e+003,3.566324e-002
1.898576e+003,3.543652e-002
1.899058e+003,3.527682e-002
1.899540e+003,3.517086e-002
1.900022e+003,3.510873e-002
1.900504e+003,3.508566e-002
1.900986e+003,3.509899e-002
1.901468e+003,3.514519e-002
1.901950e+003,3.521876e-002
1.902433e+003,3.531537e-002
1.902915e+003,3.543528e-002
1.903397e+003,3.558597e-002
1.903879e+003,3.577876e-002
1.904361e+003,3.602201e-002
1.904843e+003,3.631043e-002
1.905325e+003,3.662086e-002
1.905807e+003,3.690888e-002
1.906290e+003,3.711912e-002
1.906772e+003,3.720314e-002
1.907254e+003,3.713183e-002
1.907736e+003,3.691281e-002
1.908218e+003,3.659113e-002
1.908700e+003,3.624548e-002
1.909182e+003,3.595956e-002
1.909664e+003,3.579254e-002
1.910146e+003,3.576550e-002
1.910629e+003,3.585654e-002
1.911111e+003,3.602044e-002
1.911593e+003,3.620419e-002
1.912075e+003,3.636672e-002
1.912557e+003,3.648281e-002
1.913039e+003,3.653925e-002
1.913521e+003,3.652968e-002
1.914003e+003,3.644861e-002
1.914485e+003,3.629034e-002
1.914968e+003,3.605266e-002
1.915450e+003,3.574495e-002
1.915932e+003,3.539806e-002
1.916414e+003,3.506374e-002
1.916896e+003,3.481192e-002
1.917378e+003,3.470904e-002
1.917860e+003,3.478620e-002
1.918342e+003,3.502104e-002
1.918824e+003,3.534459e-002
1.919307e+003,3.567816e-002
1.919789e+003,3.595793e-002
1.920271e+003,3.615369e-002
1.920753e+003,3.626791e-002
1.921235e+003,3.632694e-002
1.921717e+003,3.637017e-002
1.922199e+003,3.643385e-002
1.922681e+003,3.654233e-002
1.923164e+003,3.669646e-002
1.923646e+003,3.687787e-002
1.924128e+003,3.706207e-002
1.924610e+003,3.723317e-002
1.925092e+003,3.739000e-002
1.925574e+003,3.754405e-002
1.926056e+003,3.771234e-002
1.926538e+003,3.790979e-002
1.927021e+003,3.814216e-002
1.927503e+003,3.840135e-002
1.927985e+003,3.866492e-002
1.928467e+003,3.889786e-002
1.928949e+003,3.906295e-002
1.929431e+003,3.912603e-002
1.929913e+003,3.906213e-002
1.930395e+003,3.886215e-002
1.930877e+003,3.853424e-002
1.931360e+003,3.810309e-002
1.931842e+003,3.760210e-002
1.932324e+003,3.706937e-002
1.932806e+003,3.654216e-002
1.933288e+003,3.605305e-002
1.933770e+003,3.563359e-002
1.934252e+003,3.531494e-002
1.934734e+003,3.512398e-002
1.935217e+003,3.508007e-002
1.935699e+003,3.518697e-002
1.936181e+003,3.543105e-002
1.936663e+003,3.577888e-002
1.937145e+003,3.618522e-002
1.937627e+003,3.660619e-002
1.938109e+003,3.700599e-002
1.938591e+003,3.736893e-002
1.939073e+003,3.770104e-002
1.939556e+003,3.802246e-002
1.940038e+003,3.835525e-002
1.940520e+003,3.870870e-002
1.941002e+003,3.906915e-002
1.941484e+003,3.939816e-002
1.941966e+003,3.964611e-002
1.942448e+003,3.977539e-002
1.942930e+003,3.978623e-002
1.943412e+003,3.971846e-002
1.943895e+003,3.963426e-002
1.944377e+003,3.958226e-002
1.944859e+003,3.958078e-002
1.945341e+003,3.961179e-002
1.945823e+003,3.963076e-002
1.946305e+003,3.958283e-002
1.946787e+003,3.942456e-002
1.947269e+003,3.914314e-002
1.947751e+003,3.876080e-002
1.948234e+003,3.832706e-002
1.948716e+003,3.789607e-002
1.949198e+003,3.751455e-002
1.949680e+003,3.720613e-002
1.950162e+003,3.696610e-002
1.950644e+003,3.676561e-002
1.951126e+003,3.656296e-002
1.951608e+003,3.632406e-002
1.952091e+003,3.603552e-002
1.952573e+003,3.571679e-002
1.953055e+003,3.541670e-002
1.953537e+003,3.520819e-002
1.954019e+003,3.516446e-002
1.954501e+003,3.533158e-002
1.954983e+003,3.571093e-002
1.955465e+003,3.624992e-002
1.955948e+003,3.686211e-002
1.956430e+003,3.744250e-002
1.956912e+003,3.790270e-002
1.957394e+003,3.818865e-002
1.957876e+003,3.828744e-002
1.958358e+003,3.822638e-002
1.958840e+003,3.805859e-002
1.959322e+003,3.784852e-002
1.959804e+003,3.764958e-002
1.960287e+003,3.749871e-002
1.960769e+003,3.742071e-002
1.961251e+003,3.742927e-002
1.961733e+003,3.753164e-002
1.962215e+003,3.772225e-002
1.962697e+003,3.797831e-002
1.963179e+003,3.825479e-002
1.963661e+003,3.849053e-002
1.964144e+003,3.862679e-002
1.964626e+003,3.862165e-002
1.965108e+003,3.847017e-002
1.965590e+003,3.821175e-002
1.966072e+003,3.792578e-002
1.966554e+003,3.769996e-002
1.967036e+003,3.758677e-002
1.967518e+003,3.758585e-002
1.968000e+003,3.765052e-002
1.968483e+003,3.773212e-002
1.968965e+003,3.781612e-002
1.969447e+003,3.794404e-002
1.969929e+003,3.819317e-002
1.970411e+003,3.863927e-002
1.970893e+003,3.929505e-002
1.971375e+003,4.007901e-002
1.971857e+003,4.080265e-002
1.972339e+003,4.122610e-002
1.972822e+003,4.114307e-002
1.973304e+003,4.045891e-002
1.973786e+003,3.926500e-002
1.974268e+003,3.782181e-002
1.974750e+003,3.650285e-002
1.975232e+003,3.564384e-002
1.975714e+003,3.544481e-002
1.976196e+003,3.590803e-002
1.976678e+003,3.684134e-002
1.977161e+003,3.792253e-002
1.977643e+003,3.880299e-002
1.978125e+003,3.924790e-002
1.978607e+003,3.917984e-002
1.979089e+003,3.868163e-002
1.979571e+003,3.792730e-002
1.980053e+003,3.712146e-002
1.980535e+003,3.644083e-002
1.981018e+003,3.599015e-002
1.981500e+003,3.580739e-002
1.981982e+003,3.586302e-002
1.982464e+003,3.608361e-002
1.982946e+003,3.637255e-002
1.983428e+003,3.663939e-002
1.983910e+003,3.682641e-002
1.984392e+003,3.691439e-002
1.984875e+003,3.693152e-002
1.985357e+003,3.693666e-002
1.985839e+003,3.700256e-002
1.986321e+003,3.717957e-002
1.986803e+003,3.747355e-002
1.987285e+003,3.783741e-002
1.987767e+003,3.818759e-002
1.988249e+003,3.843911e-002
1.988731e+003,3.853489e-002
1.989214e+003,3.847292e-002
1.989696e+003,3.829956e-002
1.990178e+003,3.808350e-002
1.990660e+003,3.787329e-002
1.991142e+003,3.766922e-002
1.991624e+003,3.741816e-002
1.992106e+003,3.704794e-002
1.992588e+003,3.651631e-002
1.993071e+003,3.585587e-002
1.993553e+003,3.517353e-002
1.994035e+003,3.461766e-002
1.994517e+003,3.432536e-002
1.994999e+003,3.436860e-002
1.995481e+003,3.474244e-002
1.995963e+003,3.535932e-002
1.996445e+003,3.608416e-002
1.996927e+003,3.676298e-002
1.997410e+003,3.727607e-002
1.997892e+003,3.756955e-002
1.998374e+003,3.764760e-002
1.998856e+003,3.754667e-002
1.999338e+003,3.729805e-002
1.999820e+003,3.691300e-002
2.000302e+003,3.638711e-002
2.000784e+003,3.572671e-002
2.001266e+003,3.497910e-002
2.001749e+003,3.424342e-002
2.002231e+003,3.364785e-002
2.002713e+003,3.332585e-002
2.003195e+003,3.335869e-002
2.003677e+003,3.374388e-002
2.004159e+003,3.437294e-002
2.004641e+003,3.505747e-002
2.005123e+003,3.558161e-002
2.005605e+003,3.575191e-002
2.006088e+003,3.546530e-002
2.006570e+003,3.471681e-002
2.007052e+003,3.359281e-002
2.007534e+003,3.223525e-002
2.008016e+003,3.081634e-002
2.008498e+003,2.951959e-002
2.008980e+003,2.850514e-002
2.009462e+003,2.791505e-002
2.009945e+003,2.786591e-002
2.010427e+003,2.843095e-002
2.010909e+003,2.962535e-002
2.011391e+003,3.137104e-002
2.011873e+003,3.349076e-002
2.012355e+003,3.570435e-002
2.012837e+003,3.768767e-002
2.013319e+003,3.917159e-002
2.013802e+003,3.997232e-002
2.014284e+003,4.004181e-002
2.014766e+003,3.945618e-002
2.015248e+003,3.841037e-002
2.015730e+003,3.718266e-002
2.016212e+003,3.606704e-002
2.016694e+003,3.533829e-002
2.017176e+003,3.515682e-002
2.017658e+003,3.553641e-002
2.018141e+003,3.634920e-002
2.018623e+003,3.737023e-002
2.019105e+003,3.834252e-002
2.019587e+003,3.901476e-002
2.020069e+003,3.921993e-002
2.020551e+003,3.890809e-002
2.021033e+003,3.816018e-002
2.021515e+003,3.715913e-002
2.021998e+003,3.613839e-002
2.022480e+003,3.532327e-002
2.022962e+003,3.484650e-002
2.023444e+003,3.471951e-002
2.023926e+003,3.482559e-002
2.024408e+003,3.498102e-002
2.024890e+003,3.500586e-002
2.025372e+003,3.480625e-002
2.025854e+003,3.442158e-002
2.026337e+003,3.401615e-002
2.026819e+003,3.382805e-002
2.027301e+003,3.406134e-002
2.027783e+003,3.481439e-002
2.028265e+003,3.600770e-002
2.028747e+003,3.741272e-002
2.029229e+003,3.870161e-002
2.029711e+003,3.956325e-002
2.030193e+003,3.980860e-002
2.030676e+003,3.940390e-002
2.031158e+003,3.849172e-002
2.031640e+003,3.732545e-002
2.032122e+003,3.621115e-002
2.032604e+003,3.539409e-002
2.033086e+003,3.499357e-002
2.033568e+003,3.500375e-002
2.034050e+003,3.531769e-002
2.034532e+003,3.579331e-002
2.035015e+003,3.629719e-002
2.035497e+003,3.675557e-002
2.035979e+003,3.715882e-002
2.036461e+003,3.754671e-002
2.036943e+003,3.797805e-002
2.037425e+003,3.850283e-002
2.037907e+003,3.914633e-002
2.038389e+003,3.990026e-002
2.038872e+003,4.072331e-002
2.039354e+003,4.154206e-002
2.039836e+003,4.226440e-002
2.040318e+003,4.278265e-002
2.040800e+003,4.298539e-002
2.041282e+003,4.278948e-002
2.041764e+003,4.215275e-002
2.042246e+003,4.110451e-002
2.042729e+003,3.974886e-002
2.043211e+003,3.826304e-002
2.043693e+003,3.686110e-002
2.044175e+003,3.573344e-002
2.044657e+003,3.502412e-002
2.045139e+003,3.479133e-002
2.045621e+003,3.500299e-002
2.046103e+003,3.554598e-002
2.046585e+003,3.625443e-002
2.047068e+003,3.695813e-002
2.047550e+003,3.750519e-002
2.048032e+003,3.780574e-002
2.048514e+003,3.784151e-002
2.048996e+003,3.765371e-002
2.049478e+003,3.732387e-002
2.049960e+003,3.694350e-002
2.050442e+003,3.660118e-002
2.050925e+003,3.636125e-002
2.051407e+003,3.626019e-002
2.051889e+003,3.631341e-002
2.052371e+003,3.651893e-002
2.052853e+003,3.686503e-002
2.053335e+003,3.733415e-002
2.053817e+003,3.790366e-002
2.054299e+003,3.854081e-002
2.054781e+003,3.919747e-002
2.055264e+003,3.981413e-002
2.055746e+003,4.032290e-002
2.056228e+003,4.065661e-002
2.056710e+003,4.077046e-002
2.057192e+003,4.064840e-002
2.057674e+003,4.031608e-002
2.058156e+003,3.983409e-002
2.058638e+003,3.928967e-002
2.059121e+003,3.877083e-002
2.059603e+003,3.833650e-002
2.060085e+003,3.800952e-002
2.060567e+003,3.777541e-002
2.061049e+003,3.760163e-002
2.061531e+003,3.745949e-002
2.062013e+003,3.734150e-002
2.062495e+003,3.726365e-002
2.062978e+003,3.725369e-002
2.063459e+003,3.732681e-002
2.063942e+003,3.746641e-002
2.064424e+003,3.761490e-002
2.064906e+003,3.768961e-002
2.065388e+003,3.761604e-002
2.065870e+003,3.735391e-002
2.066352e+003,3.692518e-002
2.066834e+003,3.640465e-002
2.067316e+003,3.590258e-002
2.067799e+003,3.552148e-002
2.068281e+003,3.533006e-002
2.068763e+003,3.534967e-002
2.069245e+003,3.555226e-002
2.069727e+003,3.587577e-002
2.070209e+003,3.624388e-002
2.070691e+003,3.659375e-002
2.071173e+003,3.688499e-002
2.071656e+003,3.710414e-002
2.072138e+003,3.725942e-002
2.072620e+003,3.737211e-002
2.073102e+003,3.746883e-002
2.073584e+003,3.757384e-002
2.074066e+003,3.770681e-002
2.074548e+003,3.787654e-002
2.075030e+003,3.807740e-002
2.075512e+003,3.828688e-002
2.075995e+003,3.846933e-002
2.076477e+003,3.858772e-002
2.076959e+003,3.861227e-002
2.077441e+003,3.853609e-002
2.077923e+003,3.837704e-002
2.078405e+003,3.817479e-002
2.078887e+003,3.797298e-002
2.079369e+003,3.780137e-002
2.079852e+003,3.766734e-002
2.080333e+003,3.755437e-002
2.080816e+003,3.743535e-002
2.081298e+003,3.728696e-002
2.081780e+003,3.710558e-002
2.082262e+003,3.690897e-002
2.082744e+003,3.672880e-002
2.083226e+003,3.659170e-002
2.083708e+003,3.650601e-002
2.084190e+003,3.645442e-002
2.084673e+003,3.640251e-002
2.085155e+003,3.631349e-002
2.085637e+003,3.616629e-002
2.086119e+003,3.596803e-002
2.086601e+003,3.575298e-002
2.087083e+003,3.557060e-002
2.087565e+003,3.546475e-002
2.088047e+003,3.546305e-002
2.088530e+003,3.556868e-002
2.089012e+003,3.576620e-002
2.089494e+003,3.602930e-002
2.089976e+003,3.633188e-002
2.090458e+003,3.665372e-002
2.090940e+003,3.697623e-002
2.091422e+003,3.727730e-002
2.091904e+003,3.752930e-002
2.092386e+003,3.769953e-002
2.092869e+003,3.776178e-002
2.093351e+003,3.771094e-002
2.093833e+003,3.757070e-002
2.094315e+003,3.739285e-002
2.094797e+003,3.724021e-002
2.095279e+003,3.717213e-002
2.095761e+003,3.722054e-002
2.096243e+003,3.738394e-002
2.096726e+003,3.763236e-002
2.097208e+003,3.792395e-002
2.097690e+003,3.822267e-002
2.098172e+003,3.850792e-002
2.098654e+003,3.877619e-002
2.099136e+003,3.903146e-002
2.099618e+003,3.927381e-002
2.100100e+003,3.949152e-002
2.100583e+003,3.966232e-002
2.101065e+003,3.976087e-002
2.101547e+003,3.977083e-002
2.102029e+003,3.969022e-002
2.102511e+003,3.953169e-002
2.102993e+003,3.931452e-002
2.103475e+003,3.905773e-002
2.103957e+003,3.877527e-002
2.104439e+003,3.847520e-002
2.104922e+003,3.816611e-002
2.105404e+003,3.786210e-002
2.105886e+003,3.758192e-002
2.106368e+003,3.734718e-002
2.106850e+003,3.717325e-002
2.107332e+003,3.706367e-002
2.107814e+003,3.700949e-002
2.108296e+003,3.699621e-002
2.108779e+003,3.701268e-002
2.109261e+003,3.705775e-002
2.109743e+003,3.714019e-002
2.110225e+003,3.726928e-002
2.110707e+003,3.744228e-002
2.111189e+003,3.763422e-002
2.111671e+003,3.780143e-002
2.112153e+003,3.789092e-002
2.112635e+003,3.786610e-002
2.113118e+003,3.772563e-002
2.113600e+003,3.751174e-002
2.114082e+003,3.729600e-002
2.114564e+003,3.715434e-002
2.115046e+003,3.713825e-002
2.115528e+003,3.724810e-002
2.116010e+003,3.743275e-002
2.116492e+003,3.760482e-002
2.116975e+003,3.768270e-002
2.117457e+003,3.761997e-002
2.117939e+003,3.743003e-002
2.118421e+003,3.717961e-002
2.118903e+003,3.697015e-002
2.119385e+003,3.689769e-002
2.119867e+003,3.701162e-002
2.120349e+003,3.729854e-002
2.120832e+003,3.768143e-002
2.121313e+003,3.805501e-002
2.121796e+003,3.831315e-002
2.122278e+003,3.839100e-002
2.122760e+003,3.828370e-002
2.123242e+003,3.804442e-002
2.123724e+003,3.776488e-002
2.124206e+003,3.753608e-002
2.124688e+003,3.742563e-002
2.125170e+003,3.744894e-002
2.125653e+003,3.757024e-002
2.126135e+003,3.771468e-002
2.126617e+003,3.779988e-002
2.127099e+003,3.776702e-002
2.127581e+003,3.760110e-002
2.128063e+003,3.734143e-002
2.128545e+003,3.706916e-002
2.129027e+003,3.688779e-002
2.129510e+003,3.688226e-002
2.129992e+003,3.709500e-002
2.130474e+003,3.750850e-002
2.130956e+003,3.805050e-002
2.131438e+003,3.860998e-002
2.131920e+003,3.906561e-002
2.132402e+003,3.932926e-002
2.132884e+003,3.936357e-002
2.133366e+003,3.919394e-002
2.133849e+003,3.889328e-002
2.134331e+003,3.856651e-002
2.134813e+003,3.832287e-002
2.135295e+003,3.824554e-002
2.135777e+003,3.838411e-002
2.136259e+003,3.874290e-002
2.136741e+003,3.928823e-002
2.137223e+003,3.995106e-002
2.137706e+003,4.064026e-002
2.138188e+003,4.126092e-002
2.138670e+003,4.171894e-002
2.139152e+003,4.194541e-002
2.139634e+003,4.191361e-002
2.140116e+003,4.164636e-002
2.140598e+003,4.121156e-002
2.141080e+003,4.069837e-002
2.141563e+003,4.020164e-002
2.142044e+003,3.979168e-002
2.142527e+003,3.950671e-002
2.143009e+003,3.935825e-002
2.143491e+003,3.934253e-002
2.143973e+003,3.945492e-002
2.144455e+003,3.969368e-002
2.144937e+003,4.005314e-002
2.145419e+003,4.050547e-002
2.145901e+003,4.097954e-002
2.146384e+003,4.136721e-002
2.146866e+003,4.153868e-002
2.147348e+003,4.138397e-002
2.147830e+003,4.086428e-002
2.148312e+003,4.003617e-002
2.148794e+003,3.905088e-002
2.149276e+003,3.809837e-002
2.149758e+003,3.736666e-002
2.150240e+003,3.697682e-002
2.150723e+003,3.694616e-002
2.151205e+003,3.718983e-002
2.151687e+003,3.755612e-002
2.152169e+003,3.789860e-002
2.152651e+003,3.811577e-002
2.153133e+003,3.818859e-002
2.153615e+003,3.816587e-002
2.154097e+003,3.813282e-002
2.154580e+003,3.816185e-002
2.155062e+003,3.827866e-002
2.155544e+003,3.845556e-002
2.156026e+003,3.863050e-002
2.156508e+003,3.874618e-002
2.156990e+003,3.877831e-002
2.157472e+003,3.875572e-002
2.157954e+003,3.874069e-002
2.158437e+003,3.880668e-002
2.158919e+003,3.899529e-002
2.159401e+003,3.930168e-002
2.159883e+003,3.968908e-002
2.160365e+003,4.012012e-002
2.160847e+003,4.058237e-002
2.161329e+003,4.109761e-002
2.161811e+003,4.170340e-002
2.162293e+003,4.242544e-002
2.162776e+003,4.324964e-002
2.163258e+003,4.411402e-002
2.163740e+003,4.491208e-002
2.164222e+003,4.551855e-002
2.164704e+003,4.583286e-002
2.165186e+003,4.579726e-002
2.165668e+003,4.542230e-002
2.166150e+003,4.478033e-002
2.166633e+003,4.399073e-002
2.167115e+003,4.318196e-002
2.167597e+003,4.244511e-002
2.168079e+003,4.182148e-002
2.168561e+003,4.129755e-002
2.169043e+003,4.082879e-002
2.169525e+003,4.036960e-002
2.170007e+003,3.990169e-002
2.170490e+003,3.944688e-002
2.170972e+003,3.905771e-002
2.171454e+003,3.878887e-002
2.171936e+003,3.866388e-002
2.172418e+003,3.865396e-002
2.172900e+003,3.867626e-002
2.173382e+003,3.862343e-002
2.173864e+003,3.839498e-002
2.174346e+003,3.795270e-002
2.174829e+003,3.734038e-002
2.175311e+003,3.668145e-002
2.175793e+003,3.612770e-002
2.176275e+003,3.580740e-002
2.176757e+003,3.577914e-002
2.177239e+003,3.600507e-002
2.177721e+003,3.636520e-002
2.178203e+003,3.669546e-002
2.178686e+003,3.686097e-002
2.179167e+003,3.679741e-002
2.179650e+003,3.654123e-002
2.180132e+003,3.620867e-002
2.180614e+003,3.596118e-002
2.181096e+003,3.594545e-002
2.181578e+003,3.623390e-002
2.182060e+003,3.680983e-002
2.182542e+003,3.756955e-002
2.183024e+003,3.837404e-002
2.183507e+003,3.908422e-002
2.183989e+003,3.961032e-002
2.184471e+003,3.993001e-002
2.184953e+003,4.007884e-002
2.185435e+003,4.012787e-002
2.185917e+003,4.014714e-002
2.186399e+003,4.018582e-002
2.186881e+003,4.025273e-002
2.187364e+003,4.032462e-002
2.187846e+003,4.036023e-002
2.188328e+003,4.032795e-002
2.188810e+003,4.022508e-002
2.189292e+003,4.008683e-002
2.189774e+003,3.997644e-002
2.190256e+003,3.996105e-002
2.190738e+003,4.008406e-002
2.191220e+003,4.033727e-002
2.191703e+003,4.065461e-002
2.192185e+003,4.092041e-002
2.192667e+003,4.101199e-002
2.193149e+003,4.083486e-002
2.193631e+003,4.036090e-002
2.194113e+003,3.964411e-002
2.194595e+003,3.880845e-002
2.195077e+003,3.801355e-002
2.195560e+003,3.739313e-002
2.196042e+003,3.702966e-002
2.196524e+003,3.693066e-002
2.197006e+003,3.703977e-002
2.197488e+003,3.726189e-002
2.197970e+003,3.750333e-002
2.198452e+003,3.770809e-002
2.198934e+003,3.786550e-002
2.199417e+003,3.800692e-002
2.199898e+003,3.817927e-002
2.200381e+003,3.842599e-002
2.200863e+003,3.876397e-002
2.201345e+003,3.917985e-002
2.201827e+003,3.963665e-002
2.202309e+003,4.008750e-002
2.202791e+003,4.049150e-002
2.203273e+003,4.081629e-002
2.203755e+003,4.104302e-002
2.204238e+003,4.116560e-002
2.204720e+003,4.118798e-002
2.205202e+003,4.112591e-002
2.205684e+003,4.100583e-002
2.206166e+003,4.086408e-002
2.206648e+003,4.073580e-002
2.207130e+003,4.064649e-002
2.207612e+003,4.060553e-002
2.208094e+003,4.060162e-002
2.208577e+003,4.060942e-002
2.209059e+003,4.059947e-002
2.209541e+003,4.055232e-002
2.210023e+003,4.046488e-002
2.210505e+003,4.035218e-002
2.210987e+003,4.023904e-002
2.211469e+003,4.015426e-002
2.211951e+003,4.012514e-002
2.212434e+003,4.017441e-002
2.212916e+003,4.032419e-002
2.213398e+003,4.059553e-002
2.213880e+003,4.100142e-002
2.214362e+003,4.153617e-002
2.214844e+003,4.215774e-002
2.215326e+003,4.278654e-002
2.215808e+003,4.330073e-002
2.216291e+003,4.356649e-002
2.216773e+003,4.347982e-002
2.217255e+003,4.299371e-002
2.217737e+003,4.214825e-002
2.218219e+003,4.105759e-002
2.218701e+003,3.989156e-002
2.219183e+003,3.882100e-002
2.219665e+003,3.797434e-002
2.220147e+003,3.742171e-002
2.220630e+003,3.716347e-002
2.221112e+003,3.715465e-002
2.221594e+003,3.733174e-002
2.222076e+003,3.764606e-002
2.222558e+003,3.807406e-002
2.223040e+003,3.860995e-002
2.223522e+003,3.924879e-002
2.224004e+003,3.996519e-002
2.224487e+003,4.070032e-002
2.224969e+003,4.137367e-002
2.225451e+003,4.189537e-002
2.225933e+003,4.218934e-002
2.226415e+003,4.221591e-002
2.226897e+003,4.197557e-002
2.227379e+003,4.150743e-002
2.227861e+003,4.087577e-002
2.228344e+003,4.016146e-002
2.228826e+003,3.945012e-002
2.229308e+003,3.881742e-002
2.229790e+003,3.833145e-002
2.230272e+003,3.804171e-002
2.230754e+003,3.797117e-002
2.231236e+003,3.811180e-002
2.231718e+003,3.841844e-002
2.232200e+003,3.881825e-002
2.232683e+003,3.921448e-002
2.233165e+003,3.951377e-002
2.233647e+003,3.964652e-002
2.234129e+003,3.957607e-002
2.234611e+003,3.930967e-002
2.235093e+003,3.889061e-002
2.235575e+003,3.839075e-002
2.236057e+003,3.788942e-002
2.236540e+003,3.745556e-002
2.237021e+003,3.713869e-002
2.237504e+003,3.695723e-002
2.237986e+003,3.690001e-002
2.238468e+003,3.693213e-002
2.238950e+003,3.700948e-002
2.239432e+003,3.709018e-002
2.239914e+003,3.714742e-002
2.240396e+003,3.717816e-002
2.240878e+003,3.720227e-002
2.241361e+003,3.725509e-002
2.241843e+003,3.736940e-002
2.242325e+003,3.756437e-002
2.242807e+003,3.783243e-002
2.243289e+003,3.814226e-002
2.243771e+003,3.844585e-002
2.244253e+003,3.869658e-002
2.244735e+003,3.886833e-002
2.245218e+003,3.896216e-002
2.245700e+003,3.900785e-002
2.246182e+003,3.904903e-002
2.246664e+003,3.913242e-002
2.247146e+003,3.928920e-002
2.247628e+003,3.952809e-002
2.248110e+003,3.983633e-002
2.248592e+003,4.018732e-002
2.249074e+003,4.055148e-002
2.249557e+003,4.089981e-002
2.250039e+003,4.120897e-002
2.250521e+003,4.145901e-002
2.251003e+003,4.162997e-002
2.251485e+003,4.170478e-002
2.251967e+003,4.167335e-002
2.252449e+003,4.153912e-002
2.252931e+003,4.132406e-002
2.253414e+003,4.106788e-002
2.253896e+003,4.082424e-002
2.254378e+003,4.064446e-002
2.254860e+003,4.056825e-002
2.255342e+003,4.061386e-002
2.255824e+003,4.077386e-002
2.256306e+003,4.101946e-002
2.256788e+003,4.130713e-002
2.257271e+003,4.159162e-002
2.257752e+003,4.183057e-002
2.258235e+003,4.199082e-002
2.258717e+003,4.205485e-002
2.259199e+003,4.202064e-002
2.259681e+003,4.190484e-002
2.260163e+003,4.173801e-002
2.260645e+003,4.156328e-002
2.261127e+003,4.142508e-002
2.261609e+003,4.135537e-002
2.262092e+003,4.136742e-002
2.262574e+003,4.144728e-002
2.263056e+003,4.155914e-002
2.263538e+003,4.165189e-002
2.264020e+003,4.167898e-002
2.264502e+003,4.161443e-002
2.264984e+003,4.146061e-002
2.265466e+003,4.124806e-002
2.265948e+003,4.102116e-002
2.266431e+003,4.082440e-002
2.266913e+003,4.067988e-002
2.267395e+003,4.057913e-002
2.267877e+003,4.048382e-002
2.268359e+003,4.034137e-002
2.268841e+003,4.010519e-002
2.269323e+003,3.975334e-002
2.269805e+003,3.930154e-002
2.270288e+003,3.880245e-002
2.270770e+003,3.833335e-002
2.271252e+003,3.796734e-002
2.271734e+003,3.775616e-002
2.272216e+003,3.771307e-002
2.272698e+003,3.781111e-002
2.273180e+003,3.799294e-002
2.273662e+003,3.818940e-002
2.274145e+003,3.834598e-002
2.274627e+003,3.843274e-002
2.275109e+003,3.845223e-002
2.275591e+003,3.843100e-002
2.276073e+003,3.840607e-002
2.276555e+003,3.840743e-002
2.277037e+003,3.844565e-002
2.277519e+003,3.851073e-002
2.278001e+003,3.857811e-002
2.278484e+003,3.862143e-002
2.278966e+003,3.862180e-002
2.279448e+003,3.857569e-002
2.279930e+003,3.849333e-002
2.280412e+003,3.839397e-002
2.280894e+003,3.829785e-002
2.281376e+003,3.822096e-002
2.281858e+003,3.817632e-002
2.282341e+003,3.817443e-002
2.282823e+003,3.822656e-002
2.283305e+003,3.834481e-002
2.283787e+003,3.853680e-002
2.284269e+003,3.879856e-002
2.284751e+003,3.910795e-002
2.285233e+003,3.942611e-002
2.285715e+003,3.970223e-002
2.286198e+003,3.988484e-002
2.286680e+003,3.994047e-002
2.287162e+003,3.985989e-002
2.287644e+003,3.966263e-002
2.288126e+003,3.938749e-002
2.288608e+003,3.908227e-002
2.289090e+003,3.879002e-002
2.289572e+003,3.853723e-002
2.290054e+003,3.833480e-002
2.290537e+003,3.818122e-002
2.291019e+003,3.807049e-002
2.291501e+003,3.799865e-002
2.291983e+003,3.796604e-002
2.292465e+003,3.797565e-002
2.292947e+003,3.802823e-002
2.293429e+003,3.811950e-002
2.293911e+003,3.823959e-002
2.294394e+003,3.837601e-002
2.294875e+003,3.851840e-002
2.295358e+003,3.866259e-002
2.295840e+003,3.880883e-002
2.296322e+003,3.895970e-002
2.296804e+003,3.911468e-002
2.297286e+003,3.926681e-002
2.297768e+003,3.940459e-002
2.298250e+003,3.951593e-002
2.298732e+003,3.959442e-002
2.299215e+003,3.964351e-002
2.299697e+003,3.967638e-002
2.300179e+003,3.971207e-002
2.300661e+003,3.976634e-002
2.301143e+003,3.984680e-002
2.301625e+003,3.994986e-002
2.302107e+003,4.006417e-002
2.302589e+003,4.017578e-002
2.303072e+003,4.027497e-002
2.303554e+003,4.035899e-002
2.304036e+003,4.043043e-002
2.304518e+003,4.049212e-002
2.305000e+003,4.054085e-002
2.305482e+003,4.056586e-002
2.305964e+003,4.054972e-002
2.306446e+003,4.047762e-002
2.306928e+003,4.034378e-002
2.307411e+003,4.015925e-002
2.307893e+003,3.995028e-002
2.308375e+003,3.975676e-002
2.308857e+003,3.962033e-002
2.309339e+003,3.957272e-002
2.309821e+003,3.963156e-002
2.310303e+003,3.979437e-002
2.310785e+003,4.004195e-002
2.311268e+003,4.034064e-002
2.311750e+003,4.064967e-002
2.312232e+003,4.092888e-002
2.312714e+003,4.114081e-002
2.313196e+003,4.126050e-002
2.313678e+003,4.127933e-002
2.314160e+003,4.120892e-002
2.314642e+003,4.107827e-002
2.315125e+003,4.092861e-002
2.315606e+003,4.080486e-002
2.316089e+003,4.073872e-002
2.316571e+003,4.074163e-002
2.317053e+003,4.079846e-002
2.317535e+003,4.087451e-002
2.318017e+003,4.092490e-002
2.318499e+003,4.091151e-002
2.318981e+003,4.081858e-002
2.319463e+003,4.065824e-002
2.319946e+003,4.046765e-002
2.320428e+003,4.029260e-002
2.320910e+003,4.017434e-002
2.321392e+003,4.013335e-002
2.321874e+003,4.016482e-002
2.322356e+003,4.024404e-002
2.322838e+003,4.034014e-002
2.323320e+003,4.043164e-002
2.323802e+003,4.051402e-002
2.324285e+003,4.060176e-002
2.324767e+003,4.071866e-002
2.325249e+003,4.088896e-002
2.325731e+003,4.112382e-002
2.326213e+003,4.141506e-002
2.326695e+003,4.173364e-002
2.327177e+003,4.203531e-002
2.327659e+003,4.227290e-002
2.328142e+003,4.240381e-002
2.328624e+003,4.240462e-002
2.329106e+003,4.227589e-002
2.329588e+003,4.204165e-002
2.330070e+003,4.174160e-002
2.330552e+003,4.142036e-002
2.331034e+003,4.112022e-002
2.331516e+003,4.086958e-002
2.331999e+003,4.068325e-002
2.332481e+003,4.056378e-002
2.332963e+003,4.050572e-002
2.333445e+003,4.049918e-002
2.333927e+003,4.053081e-002
2.334409e+003,4.058503e-002
2.334891e+003,4.064207e-002
2.335373e+003,4.067942e-002
2.335855e+003,4.067826e-002
2.336338e+003,4.062911e-002
2.336820e+003,4.053974e-002
2.337302e+003,4.043611e-002
2.337784e+003,4.035943e-002
2.338266e+003,4.035271e-002
2.338748e+003,4.044326e-002
2.339230e+003,4.063234e-002
2.339712e+003,4.088790e-002
2.340195e+003,4.115583e-002
2.340677e+003,4.137158e-002
2.341159e+003,4.148655e-002
2.341641e+003,4.148447e-002
2.342123e+003,4.138522e-002
2.342605e+003,4.123576e-002
2.343087e+003,4.108895e-002
2.343569e+003,4.098657e-002
2.344052e+003,4.094166e-002
2.344534e+003,4.093984e-002
2.345016e+003,4.094918e-002
2.345498e+003,4.094131e-002
2.345980e+003,4.090371e-002
2.346462e+003,4.084342e-002
2.346944e+003,4.077924e-002
2.347426e+003,4.073036e-002
2.347908e+003,4.070839e-002
2.348391e+003,4.071261e-002
2.348873e+003,4.073364e-002
2.349355e+003,4.075683e-002
2.349837e+003,4.076898e-002
2.350319e+003,4.076212e-002
2.350801e+003,4.073609e-002
2.351283e+003,4.069588e-002
2.351765e+003,4.064770e-002
2.352248e+003,4.059194e-002
2.352729e+003,4.051910e-002
2.353212e+003,4.041276e-002
2.353694e+003,4.025829e-002
2.354176e+003,4.005398e-002
2.354658e+003,3.982056e-002
2.355140e+003,3.960092e-002
2.355622e+003,3.944826e-002
2.356104e+003,3.941466e-002
2.356586e+003,3.953168e-002
2.357069e+003,3.980170e-002
2.357551e+003,4.019673e-002
2.358033e+003,4.066785e-002
2.358515e+003,4.115942e-002
2.358997e+003,4.161652e-002
2.359479e+003,4.199919e-002
2.359961e+003,4.228492e-002
2.360443e+003,4.246668e-002
2.360926e+003,4.254783e-002
2.361408e+003,4.253573e-002
2.361890e+003,4.243825e-002
2.362372e+003,4.226267e-002
2.362854e+003,4.201875e-002
2.363336e+003,4.172388e-002
2.363818e+003,4.140307e-002
2.364300e+003,4.108975e-002
2.364782e+003,4.082084e-002
2.365265e+003,4.062430e-002
2.365747e+003,4.051423e-002
2.366229e+003,4.048268e-002
2.366711e+003,4.050241e-002
2.367193e+003,4.053237e-002
2.367675e+003,4.053325e-002
2.368157e+003,4.048495e-002
2.368639e+003,4.039321e-002
2.369122e+003,4.029050e-002
2.369604e+003,4.022165e-002
2.370086e+003,4.023035e-002
2.370568e+003,4.033834e-002
2.371050e+003,4.053645e-002
2.371532e+003,4.078560e-002
2.372014e+003,4.103088e-002
2.372496e+003,4.122231e-002
2.372979e+003,4.132563e-002
2.373460e+003,4.133378e-002
2.373943e+003,4.126319e-002
2.374425e+003,4.114343e-002
2.374907e+003,4.100367e-002
2.375389e+003,4.086319e-002
2.375871e+003,4.072954e-002
2.376353e+003,4.060210e-002
2.376835e+003,4.048007e-002
2.377317e+003,4.037016e-002
2.377800e+003,4.028709e-002
2.378282e+003,4.025024e-002
2.378764e+003,4.027703e-002
2.379246e+003,4.037261e-002
2.379728e+003,4.052787e-002
2.380210e+003,4.071901e-002
2.380692e+003,4.091628e-002
2.381174e+003,4.108930e-002
2.381656e+003,4.121507e-002
2.382139e+003,4.128297e-002
2.382621e+003,4.129288e-002
2.383103e+003,4.125244e-002
2.383585e+003,4.117281e-002
2.384067e+003,4.106590e-002
2.384549e+003,4.094274e-002
2.385031e+003,4.081316e-002
2.385513e+003,4.068682e-002
2.385996e+003,4.057265e-002
2.386478e+003,4.047592e-002
2.386960e+003,4.039722e-002
2.387442e+003,4.033108e-002
2.387924e+003,4.026807e-002
2.388406e+003,4.019876e-002
2.388888e+003,4.012015e-002
2.389370e+003,4.003910e-002
2.389853e+003,3.997394e-002
2.390335e+003,3.994840e-002
2.390817e+003,3.998312e-002
2.391299e+003,4.008668e-002
2.391781e+003,4.024848e-002
2.392263e+003,4.043944e-002
2.392745e+003,4.061647e-002
2.393227e+003,4.073897e-002
2.393709e+003,4.077872e-002
2.394192e+003,4.073104e-002
2.394674e+003,4.061613e-002
2.395156e+003,4.047420e-002
2.395638e+003,4.035401e-002
2.396120e+003,4.029489e-002
2.396602e+003,4.031908e-002
2.397084e+003,4.042429e-002
2.397566e+003,4.058748e-002
2.398049e+003,4.077115e-002
2.398531e+003,4.093449e-002
2.399013e+003,4.104691e-002
2.399495e+003,4.109087e-002
2.399977e+003,4.106600e-002
2.400459e+003,4.098531e-002
2.400941e+003,4.087111e-002
2.401423e+003,4.074796e-002
2.401906e+003,4.063632e-002
2.402388e+003,4.055079e-002
2.402870e+003,4.049724e-002
2.403352e+003,4.047396e-002
2.403834e+003,4.047384e-002
2.404316e+003,4.048736e-002
2.404798e+003,4.050662e-002
2.405280e+003,4.052604e-002
2.405762e+003,4.054344e-002
2.406245e+003,4.055841e-002
2.406727e+003,4.056894e-002
2.407209e+003,4.056918e-002
2.407691e+003,4.054886e-002
2.408173e+003,4.049408e-002
2.408655e+003,4.039387e-002
2.409137e+003,4.024527e-002
2.409619e+003,4.005942e-002
2.410102e+003,3.986090e-002
2.410583e+003,3.968559e-002
2.411066e+003,3.957153e-002
2.411548e+003,3.954607e-002
2.412030e+003,3.961835e-002
2.412512e+003,3.977355e-002
2.412994e+003,3.997865e-002
2.413476e+003,4.018801e-002
2.413958e+003,4.035751e-002
2.414440e+003,4.045920e-002
2.414923e+003,4.048387e-002
2.415405e+003,4.044401e-002
2.415887e+003,4.036444e-002
2.416369e+003,4.027570e-002
2.416851e+003,4.020319e-002
2.417333e+003,4.016013e-002
2.417815e+003,4.014857e-002
2.418297e+003,4.016124e-002
2.418780e+003,4.018751e-002
2.419262e+003,4.021733e-002
2.419744e+003,4.024425e-002
2.420226e+003,4.026574e-002
2.420708e+003,4.028090e-002
2.421190e+003,4.028966e-002
2.421672e+003,4.029145e-002
2.422154e+003,4.028624e-002
2.422636e+003,4.027466e-002
2.423119e+003,4.025934e-002
2.423601e+003,4.024371e-002
2.424083e+003,4.023121e-002
2.424565e+003,4.022278e-002
2.425047e+003,4.021573e-002
2.425529e+003,4.020442e-002
2.426011e+003,4.018047e-002
2.426493e+003,4.013614e-002
2.426976e+003,4.006727e-002
2.427458e+003,3.997576e-002
2.427940e+003,3.987042e-002
2.428422e+003,3.976586e-002
2.428904e+003,3.968146e-002
2.429386e+003,3.963645e-002
2.429868e+003,3.964342e-002
2.430350e+003,3.970598e-002
2.430833e+003,3.981293e-002
2.431314e+003,3.994227e-002
2.431797e+003,4.006189e-002
2.432279e+003,4.014062e-002
2.432761e+003,4.015849e-002
2.433243e+003,4.011338e-002
2.433725e+003,4.002605e-002
2.434207e+003,3.993255e-002
2.434689e+003,3.987841e-002
2.435171e+003,3.990104e-002
2.435654e+003,4.001709e-002
2.436136e+003,4.021781e-002
2.436618e+003,4.047015e-002
2.437100e+003,4.072901e-002
2.437582e+003,4.094708e-002
2.438064e+003,4.109260e-002
2.438546e+003,4.115337e-002
2.439028e+003,4.113720e-002
2.439510e+003,4.106341e-002
2.439993e+003,4.095436e-002
2.440475e+003,4.082887e-002
2.440957e+003,4.069774e-002
2.441439e+003,4.056738e-002
2.441921e+003,4.044506e-002
2.442403e+003,4.034070e-002
2.442885e+003,4.026847e-002
2.443367e+003,4.024162e-002
2.443850e+003,4.026606e-002
2.444332e+003,4.033512e-002
2.444814e+003,4.042781e-002
2.445296e+003,4.051527e-002
2.445778e+003,4.056612e-002
2.446260e+003,4.055683e-002
2.446742e+003,4.047944e-002
2.447224e+003,4.034162e-002
2.447707e+003,4.016522e-002
2.448189e+003,3.997741e-002
2.448671e+003,3.980772e-002
2.449153e+003,3.967934e-002
2.449635e+003,3.960625e-002
2.450117e+003,3.959409e-002
2.450599e+003,3.963976e-002
2.451081e+003,3.973363e-002
2.451563e+003,3.986101e-002
2.452046e+003,4.000578e-002
2.452528e+003,4.015394e-002
2.453010e+003,4.029535e-002
2.453492e+003,4.042642e-002
2.453974e+003,4.054841e-002
2.454456e+003,4.066490e-002
2.454938e+003,4.077643e-002
2.455420e+003,4.087753e-002
2.455903e+003,4.095614e-002
2.456385e+003,4.099841e-002
2.456867e+003,4.099386e-002
2.457349e+003,4.094343e-002
2.457831e+003,4.086087e-002
2.458313e+003,4.077238e-002
2.458795e+003,4.070900e-002
2.459277e+003,4.069486e-002
2.459760e+003,4.074127e-002
2.460242e+003,4.084125e-002
2.460724e+003,4.097468e-002
2.461206e+003,4.111333e-002
2.461688e+003,4.123186e-002
2.462170e+003,4.131489e-002
2.462652e+003,4.135760e-002
2.463134e+003,4.136337e-002
2.463616e+003,4.133876e-002
2.464099e+003,4.128999e-002
2.464581e+003,4.122240e-002
2.465063e+003,4.114237e-002
2.465545e+003,4.106215e-002
2.466027e+003,4.099967e-002
2.466509e+003,4.097607e-002
2.466991e+003,4.100897e-002
2.467473e+003,4.110377e-002
2.467956e+003,4.124881e-002
2.468438e+003,4.141523e-002
2.468920e+003,4.156691e-002
2.469402e+003,4.167133e-002
2.469884e+003,4.171040e-002
2.470366e+003,4.168840e-002
2.470848e+003,4.163035e-002
2.471330e+003,4.157495e-002
2.471813e+003,4.155849e-002
2.472294e+003,4.160634e-002
2.472777e+003,4.172422e-002
2.473259e+003,4.189771e-002
2.473741e+003,4.209594e-002
2.474223e+003,4.227929e-002
2.474705e+003,4.241060e-002
2.475187e+003,4.245790e-002
2.475669e+003,4.240093e-002
2.476151e+003,4.223438e-002
2.476634e+003,4.196782e-002
2.477116e+003,4.162592e-002
2.477598e+003,4.124423e-002
2.478080e+003,4.086743e-002
2.478562e+003,4.053989e-002
2.479044e+003,4.029493e-002
2.479526e+003,4.015169e-002
2.480008e+003,4.010823e-002
2.480490e+003,4.014614e-002
2.480973e+003,4.023441e-002
2.481455e+003,4.034052e-002
2.481937e+003,4.043910e-002
2.482419e+003,4.051369e-002
2.482901e+003,4.055961e-002
2.483383e+003,4.057980e-002
2.483865e+003,4.058089e-002
2.484347e+003,4.056948e-002
2.484830e+003,4.055133e-002
2.485312e+003,4.053130e-002
2.485794e+003,4.051444e-002
2.486276e+003,4.050558e-002
2.486758e+003,4.050782e-002
2.487240e+003,4.052030e-002
2.487722e+003,4.053710e-002
2.488204e+003,4.054825e-002
2.488687e+003,4.054429e-002
2.489168e+003,4.052050e-002
2.489651e+003,4.048096e-002
2.490133e+003,4.043764e-002
2.490615e+003,4.040859e-002
2.491097e+003,4.040985e-002
2.491579e+003,4.044874e-002
2.492061e+003,4.052038e-002
2.492543e+003,4.060835e-002
2.493025e+003,4.069152e-002
2.493508e+003,4.074967e-002
2.493990e+003,4.077083e-002
2.494472e+003,4.075487e-002
2.494954e+003,4.071129e-002
2.495436e+003,4.065451e-002
2.495918e+003,4.059796e-002
2.496400e+003,4.055154e-002
2.496882e+003,4.052037e-002
2.497365e+003,4.050703e-002
2.497847e+003,4.051471e-002
2.498329e+003,4.054809e-002
2.498811e+003,4.061044e-002
2.499293e+003,4.069996e-002
2.499775e+003,4.080425e-002
2.500257e+003,4.089971e-002
2.500739e+003,4.095254e-002
2.501221e+003,4.093089e-002
2.501704e+003,4.081369e-002
2.502186e+003,4.060275e-002
2.502668e+003,4.032537e-002
2.503150e+003,4.003284e-002
2.503632e+003,3.978991e-002
2.504114e+003,3.965264e-002
2.504596e+003,3.965771e-002
2.505078e+003,3.980887e-002
2.505561e+003,4.007731e-002
2.506043e+003,4.040709e-002
2.506525e+003,4.073074e-002
2.507007e+003,4.099121e-002
2.507489e+003,4.114892e-002
2.507971e+003,4.119214e-002
2.508453e+003,4.113331e-002
2.508935e+003,4.100233e-002
2.509417e+003,4.083408e-002
2.509900e+003,4.065794e-002
2.510382e+003,4.049539e-002
2.510864e+003,4.035809e-002
2.511346e+003,4.025206e-002
2.511828e+003,4.018169e-002
2.512310e+003,4.015210e-002
2.512792e+003,4.016828e-002
2.513274e+003,4.023140e-002
2.513757e+003,4.033622e-002
2.514239e+003,4.046990e-002
2.514721e+003,4.061347e-002
2.515203e+003,4.074872e-002
2.515685e+003,4.086415e-002
2.516167e+003,4.095770e-002
2.516649e+003,4.103773e-002
2.517131e+003,4.111758e-002
2.517614e+003,4.120933e-002
2.518096e+003,4.131652e-002
2.518578e+003,4.143152e-002
2.519060e+003,4.153747e-002
2.519542e+003,4.161587e-002
2.520024e+003,4.165255e-002
2.520506e+003,4.164476e-002
2.520988e+003,4.160195e-002
2.521470e+003,4.154300e-002
2.521953e+003,4.148944e-002
2.522435e+003,4.145657e-002
2.522917e+003,4.144968e-002
2.523399e+003,4.146255e-002
2.523881e+003,4.148129e-002
2.524363e+003,4.148871e-002
2.524845e+003,4.147033e-002
2.525327e+003,4.141822e-002
2.525810e+003,4.133176e-002
2.526292e+003,4.121668e-002
2.526774e+003,4.108324e-002
2.527256e+003,4.094622e-002
2.527738e+003,4.082274e-002
2.528220e+003,4.072990e-002
2.528702e+003,4.068471e-002
2.529184e+003,4.069768e-002
2.529667e+003,4.076910e-002
2.530148e+003,4.088540e-002
2.530631e+003,4.102120e-002
2.531113e+003,4.114301e-002
2.531595e+003,4.121651e-002
2.532077e+003,4.121830e-002
2.532559e+003,4.114129e-002
2.533041e+003,4.099778e-002
2.533523e+003,4.081369e-002
2.534005e+003,4.062173e-002
2.534488e+003,4.045141e-002
2.534970e+003,4.031959e-002
2.535452e+003,4.023000e-002
2.535934e+003,4.017575e-002
2.536416e+003,4.014692e-002
2.536898e+003,4.013794e-002
2.537380e+003,4.015196e-002
2.537862e+003,4.020005e-002
2.538344e+003,4.029656e-002
2.538827e+003,4.045130e-002
2.539309e+003,4.066267e-002
2.539791e+003,4.091469e-002
2.540273e+003,4.117891e-002
2.540755e+003,4.142322e-002
2.541237e+003,4.161734e-002
2.541719e+003,4.174262e-002
2.542201e+003,4.179572e-002
2.542684e+003,4.178794e-002
2.543166e+003,4.174071e-002
2.543648e+003,4.167801e-002
2.544130e+003,4.162239e-002
2.544612e+003,4.158793e-002
2.545094e+003,4.157925e-002
2.545576e+003,4.159252e-002
2.546058e+003,4.161846e-002
2.546541e+003,4.164604e-002
2.547022e+003,4.166602e-002
2.547505e+003,4.167414e-002
2.547987e+003,4.167123e-002
2.548469e+003,4.166287e-002
2.548951e+003,4.165611e-002
2.549433e+003,4.165651e-002
2.549915e+003,4.166463e-002
2.550397e+003,4.167480e-002
2.550879e+003,4.167490e-002
2.551362e+003,4.164920e-002
2.551844e+003,4.158340e-002
2.552326e+003,4.146810e-002
2.552808e+003,4.130272e-002
2.553290e+003,4.109443e-002
2.553772e+003,4.085816e-002
2.554254e+003,4.061238e-002
2.554736e+003,4.037425e-002
2.555219e+003,4.015956e-002
2.555701e+003,3.998104e-002
2.556183e+003,3.984977e-002
2.556665e+003,3.977627e-002
2.557147e+003,3.977134e-002
2.557629e+003,3.984265e-002
2.558111e+003,3.999294e-002
2.558593e+003,4.021614e-002
2.559075e+003,4.049623e-002
2.559558e+003,4.080769e-002
2.560040e+003,4.112089e-002
2.560522e+003,4.140818e-002
2.561004e+003,4.164668e-002
2.561486e+003,4.182309e-002
2.561968e+003,4.193239e-002
2.562450e+003,4.197478e-002
2.562932e+003,4.195371e-002
2.563415e+003,4.187448e-002
2.563897e+003,4.174590e-002
2.564379e+003,4.158166e-002
2.564861e+003,4.140237e-002
2.565343e+003,4.123481e-002
2.565825e+003,4.110476e-002
2.566307e+003,4.103186e-002
2.566789e+003,4.102290e-002
2.567271e+003,4.106836e-002
2.567754e+003,4.114505e-002
2.568236e+003,4.122357e-002
2.568718e+003,4.127981e-002
2.569200e+003,4.130130e-002
2.569682e+003,4.129091e-002
2.570164e+003,4.126378e-002
2.570646e+003,4.124064e-002
2.571128e+003,4.123784e-002
2.571611e+003,4.126192e-002
2.572093e+003,4.130835e-002
2.572575e+003,4.136565e-002
2.573057e+003,4.142252e-002
2.573539e+003,4.147212e-002
2.574021e+003,4.151479e-002
2.574503e+003,4.155510e-002
2.574985e+003,4.159744e-002
2.575468e+003,4.164105e-002
2.575950e+003,4.167885e-002
2.576432e+003,4.169917e-002
2.576914e+003,4.169194e-002
2.577396e+003,4.165268e-002
2.577878e+003,4.158587e-002
2.578360e+003,4.150210e-002
2.578842e+003,4.141416e-002
2.579324e+003,4.133103e-002
2.579807e+003,4.125368e-002
2.580289e+003,4.117531e-002
2.580771e+003,4.108505e-002
2.581253e+003,4.097386e-002
2.581735e+003,4.083920e-002
2.582217e+003,4.068721e-002
2.582699e+003,4.053117e-002
2.583181e+003,4.038849e-002
2.583664e+003,4.027635e-002
2.584146e+003,4.020769e-002
2.584628e+003,4.019120e-002
2.585110e+003,4.023090e-002
2.585592e+003,4.032661e-002
2.586074e+003,4.047387e-002
2.586556e+003,4.066245e-002
2.587038e+003,4.087733e-002
2.587521e+003,4.109735e-002
2.588002e+003,4.130027e-002
2.588485e+003,4.146746e-002
2.588967e+003,4.158726e-002
2.589449e+003,4.165911e-002
2.589931e+003,4.169199e-002
2.590413e+003,4.170172e-002
2.590895e+003,4.170427e-002
2.591377e+003,4.171060e-002
2.591859e+003,4.172425e-002
2.592342e+003,4.174151e-002
2.592824e+003,4.175428e-002
2.593306e+003,4.175387e-002
2.593788e+003,4.173453e-002
2.594270e+003,4.169407e-002
2.594752e+003,4.163356e-002
2.595234e+003,4.155556e-002
2.595716e+003,4.146347e-002
2.596198e+003,4.136177e-002
2.596681e+003,4.125698e-002
2.597163e+003,4.115952e-002
2.597645e+003,4.108362e-002
2.598127e+003,4.104401e-002
2.598609e+003,4.105446e-002
2.599091e+003,4.112186e-002
2.599573e+003,4.124378e-002
2.600055e+003,4.140774e-002
2.600538e+003,4.159331e-002
2.601020e+003,4.177700e-002
2.601502e+003,4.193607e-002
2.601984e+003,4.205436e-002
2.602466e+003,4.212547e-002
2.602948e+003,4.215375e-002
2.603430e+003,4.215215e-002
2.603912e+003,4.213828e-002
2.604395e+003,4.212980e-002
2.604876e+003,4.213879e-002
2.605359e+003,4.216716e-002
2.605841e+003,4.220657e-002
2.606323e+003,4.224076e-002
2.606805e+003,4.225248e-002
2.607287e+003,4.222906e-002
2.607769e+003,4.216997e-002
2.608251e+003,4.208799e-002
2.608733e+003,4.200723e-002
2.609216e+003,4.195308e-002
2.609698e+003,4.194502e-002
2.610180e+003,4.198818e-002
2.610662e+003,4.207179e-002
2.611144e+003,4.217223e-002
2.611626e+003,4.226235e-002
2.612108e+003,4.232302e-002
2.612590e+003,4.234819e-002
2.613073e+003,4.234739e-002
2.613555e+003,4.233934e-002
2.614037e+003,4.234433e-002
2.614519e+003,4.237412e-002
2.615001e+003,4.242798e-002
2.615483e+003,4.249259e-002
2.615965e+003,4.254843e-002
2.616447e+003,4.257889e-002
2.616929e+003,4.257425e-002
2.617412e+003,4.253649e-002
2.617894e+003,4.247580e-002
2.618376e+003,4.240748e-002
2.618858e+003,4.234611e-002
2.619340e+003,4.230177e-002
2.619822e+003,4.228091e-002
2.620304e+003,4.228621e-002
2.620786e+003,4.231767e-002
2.621269e+003,4.237290e-002
2.621751e+003,4.244637e-002
2.622233e+003,4.252806e-002
2.622715e+003,4.260371e-002
2.623197e+003,4.265853e-002
2.623679e+003,4.268133e-002
2.624161e+003,4.266872e-002
2.624643e+003,4.262716e-002
2.625125e+003,4.257213e-002
2.625608e+003,4.252307e-002
2.626090e+003,4.249556e-002
2.626572e+003,4.249739e-002
2.627054e+003,4.252562e-002
2.627536e+003,4.256988e-002
2.628018e+003,4.261591e-002
2.628500e+003,4.265209e-002
2.628982e+003,4.267357e-002
2.629465e+003,4.268181e-002
2.629947e+003,4.268299e-002
2.630429e+003,4.268293e-002
2.630911e+003,4.268515e-002
2.631393e+003,4.268915e-002
2.631875e+003,4.269233e-002
2.632357e+003,4.269191e-002
2.632839e+003,4.268805e-002
2.633322e+003,4.268361e-002
2.633804e+003,4.268434e-002
2.634286e+003,4.269653e-002
2.634768e+003,4.272434e-002
2.635250e+003,4.276990e-002
2.635732e+003,4.283180e-002
2.636214e+003,4.290662e-002
2.636696e+003,4.298794e-002
2.637178e+003,4.306768e-002
2.637661e+003,4.313534e-002
2.638143e+003,4.317890e-002
2.638625e+003,4.318761e-002
2.639107e+003,4.315400e-002
2.639589e+003,4.307776e-002
2.640071e+003,4.296682e-002
2.640553e+003,4.283640e-002
2.641035e+003,4.270655e-002
2.641518e+003,4.259500e-002
2.642000e+003,4.251400e-002
2.642482e+003,4.246707e-002
2.642964e+003,4.244916e-002
2.643446e+003,4.244951e-002
2.643928e+003,4.245577e-002
2.644410e+003,4.245871e-002
2.644892e+003,4.245347e-002
2.645375e+003,4.244001e-002
2.645856e+003,4.242140e-002
2.646339e+003,4.240273e-002
2.646821e+003,4.238920e-002
2.647303e+003,4.238598e-002
2.647785e+003,4.239745e-002
2.648267e+003,4.242761e-002
2.648749e+003,4.247818e-002
2.649231e+003,4.254797e-002
2.649713e+003,4.263232e-002
2.650196e+003,4.272449e-002
2.650678e+003,4.281774e-002
2.651160e+003,4.290811e-002
2.651642e+003,4.299704e-002
2.652124e+003,4.309088e-002
2.652606e+003,4.319742e-002
2.653088e+003,4.332155e-002
2.653570e+003,4.346066e-002
2.654052e+003,4.360286e-002
2.654535e+003,4.372949e-002
2.655017e+003,4.381904e-002
2.655499e+003,4.385604e-002
2.655981e+003,4.383540e-002
2.656463e+003,4.376554e-002
2.656945e+003,4.366435e-002
2.657427e+003,4.355492e-002
2.657909e+003,4.345835e-002
2.658392e+003,4.338675e-002
2.658874e+003,4.334215e-002
2.659356e+003,4.331773e-002
2.659838e+003,4.330217e-002
2.660320e+003,4.328395e-002
2.660802e+003,4.325477e-002
2.661284e+003,4.321211e-002
2.661766e+003,4.315810e-002
2.662249e+003,4.309839e-002
2.662730e+003,4.304012e-002
2.663213e+003,4.299169e-002
2.663695e+003,4.296119e-002
2.664177e+003,4.295532e-002
2.664659e+003,4.297901e-002
2.665141e+003,4.303304e-002
2.665623e+003,4.311339e-002
2.666105e+003,4.321060e-002
2.666587e+003,4.331163e-002
2.667070e+003,4.340295e-002
2.667552e+003,4.347266e-002
2.668034e+003,4.351369e-002
2.668516e+003,4.352459e-002
2.668998e+003,4.350840e-002
2.669480e+003,4.347126e-002
2.669962e+003,4.341955e-002
2.670444e+003,4.335966e-002
2.670927e+003,4.329708e-002
2.671409e+003,4.323744e-002
2.671891e+003,4.318765e-002
2.672373e+003,4.315499e-002
2.672855e+003,4.314646e-002
2.673337e+003,4.316697e-002
2.673819e+003,4.321685e-002
2.674301e+003,4.329140e-002
2.674783e+003,4.338096e-002
2.675266e+003,4.347359e-002
2.675748e+003,4.355688e-002
2.676230e+003,4.362062e-002
2.676712e+003,4.365950e-002
2.677194e+003,4.367255e-002
2.677676e+003,4.366364e-002
2.678158e+003,4.363935e-002
2.678640e+003,4.360840e-002
2.679123e+003,4.357879e-002
2.679605e+003,4.355625e-002
2.680087e+003,4.354306e-002
2.680569e+003,4.353720e-002
2.681051e+003,4.353288e-002
2.681533e+003,4.352212e-002
2.682015e+003,4.349804e-002
2.682497e+003,4.345773e-002
2.682979e+003,4.340417e-002
2.683462e+003,4.334695e-002
2.683944e+003,4.329905e-002
2.684426e+003,4.327401e-002
2.684908e+003,4.328057e-002
2.685390e+003,4.331969e-002
2.685872e+003,4.338294e-002
2.686354e+003,4.345615e-002
2.686836e+003,4.352284e-002
2.687319e+003,4.356931e-002
2.687801e+003,4.358996e-002
2.688283e+003,4.358821e-002
2.688765e+003,4.357540e-002
2.689247e+003,4.356549e-002
2.689729e+003,4.357111e-002
2.690211e+003,4.359901e-002
2.690693e+003,4.364728e-002
2.691176e+003,4.370618e-002
2.691658e+003,4.376156e-002
2.692140e+003,4.380024e-002
2.692622e+003,4.381292e-002
2.693104e+003,4.379746e-002
2.693586e+003,4.375859e-002
2.694068e+003,4.370597e-002
2.694550e+003,4.364921e-002
2.695032e+003,4.359473e-002
2.695515e+003,4.354282e-002
2.695997e+003,4.348869e-002
2.696479e+003,4.342469e-002
2.696961e+003,4.334393e-002
2.697443e+003,4.324486e-002
2.697925e+003,4.313244e-002
2.698407e+003,4.301792e-002
2.698889e+003,4.291437e-002
2.699372e+003,4.283257e-002
2.699854e+003,4.277802e-002
2.700336e+003,4.274884e-002
2.700818e+003,4.273856e-002
2.701300e+003,4.273924e-002
2.701782e+003,4.274588e-002
2.702264e+003,4.275864e-002
2.702746e+003,4.278200e-002
2.703229e+003,4.282100e-002
2.703710e+003,4.287726e-002
2.704193e+003,4.294520e-002
2.704675e+003,4.301319e-002
2.705157e+003,4.306617e-002
2.705639e+003,4.309127e-002
2.706121e+003,4.308432e-002
2.706603e+003,4.305155e-002
2.707085e+003,4.300867e-002
2.707567e+003,4.297407e-002
2.708050e+003,4.296409e-002
2.708532e+003,4.298575e-002
2.709014e+003,4.303493e-002
2.709496e+003,4.309822e-002
2.709978e+003,4.315749e-002
2.710460e+003,4.319789e-002
2.710942e+003,4.320997e-002
2.711424e+003,4.319345e-002
2.711906e+003,4.315493e-002
2.712389e+003,4.310533e-002
2.712871e+003,4.305587e-002
2.713353e+003,4.301527e-002
2.713835e+003,4.298917e-002
2.714317e+003,4.297974e-002
2.714799e+003,4.298638e-002
2.715281e+003,4.300536e-002
2.715763e+003,4.303152e-002
2.716246e+003,4.305816e-002
2.716728e+003,4.307870e-002
2.717210e+003,4.308936e-002
2.717692e+003,4.309047e-002
2.718174e+003,4.308784e-002
2.718656e+003,4.309021e-002
2.719138e+003,4.310659e-002
2.719620e+003,4.314170e-002
2.720103e+003,4.319322e-002
2.720584e+003,4.325181e-002
2.721067e+003,4.330407e-002
2.721549e+003,4.333869e-002
2.722031e+003,4.335104e-002
2.722513e+003,4.334604e-002
2.722995e+003,4.333545e-002
2.723477e+003,4.333404e-002
2.723959e+003,4.335151e-002
2.724441e+003,4.338826e-002
2.724924e+003,4.343406e-002
2.725406e+003,4.347282e-002
2.725888e+003,4.349055e-002
2.726370e+003,4.348198e-002
2.726852e+003,4.345489e-002
2.727334e+003,4.342720e-002
2.727816e+003,4.342188e-002
2.728298e+003,4.345636e-002
2.728781e+003,4.353387e-002
2.729263e+003,4.364207e-002
2.729745e+003,4.375540e-002
2.730227e+003,4.384445e-002
2.730709e+003,4.388409e-002
2.731191e+003,4.386366e-002
2.731673e+003,4.378800e-002
2.732155e+003,4.367618e-002
2.732637e+003,4.355242e-002
2.733120e+003,4.343962e-002
2.733602e+003,4.335362e-002
2.734084e+003,4.330012e-002
2.734566e+003,4.327748e-002
2.735048e+003,4.328000e-002
2.735530e+003,4.330247e-002
2.736012e+003,4.334100e-002
2.736494e+003,4.339326e-002
2.736977e+003,4.345598e-002
2.737459e+003,4.352367e-002
2.737941e+003,4.358751e-002
2.738423e+003,4.363842e-002
2.738905e+003,4.366918e-002
2.739387e+003,4.367796e-002
2.739869e+003,4.366888e-002
2.740351e+003,4.365083e-002
2.740833e+003,4.363412e-002
2.741316e+003,4.362530e-002
2.741798e+003,4.362538e-002
2.742280e+003,4.362911e-002
2.742762e+003,4.362805e-002
2.743244e+003,4.361447e-002
2.743726e+003,4.358519e-002
2.744208e+003,4.354369e-002
2.744690e+003,4.349880e-002
2.745173e+003,4.346104e-002
2.745655e+003,4.343756e-002
2.746137e+003,4.342974e-002
2.746619e+003,4.343190e-002
2.747101e+003,4.343425e-002
2.747583e+003,4.342629e-002
2.748065e+003,4.340284e-002
2.748547e+003,4.336512e-002
2.749030e+003,4.332176e-002
2.749512e+003,4.328467e-002
2.749994e+003,4.326506e-002
2.750476e+003,4.326967e-002
2.750958e+003,4.329861e-002
2.751440e+003,4.334639e-002
2.751922e+003,4.340472e-002
2.752404e+003,4.346666e-002
2.752886e+003,4.352854e-002
2.753369e+003,4.359106e-002
2.753851e+003,4.365748e-002
2.754333e+003,4.373061e-002
2.754815e+003,4.381055e-002
2.755297e+003,4.389336e-002
2.755779e+003,4.397052e-002
2.756261e+003,4.403182e-002
2.756743e+003,4.406870e-002
2.757226e+003,4.407616e-002
2.757708e+003,4.405469e-002
2.758190e+003,4.401011e-002
2.758672e+003,4.395317e-002
2.759154e+003,4.389714e-002
2.759636e+003,4.385430e-002
2.760118e+003,4.383510e-002
2.760600e+003,4.384455e-002
2.761083e+003,4.388107e-002
2.761564e+003,4.393581e-002
2.762047e+003,4.399442e-002
2.762529e+003,4.404024e-002
2.763011e+003,4.405732e-002
2.763493e+003,4.403630e-002
2.763975e+003,4.397735e-002
2.764457e+003,4.389100e-002
2.764939e+003,4.379502e-002
2.765421e+003,4.371077e-002
2.765904e+003,4.365745e-002
2.766386e+003,4.364574e-002
2.766868e+003,4.367668e-002
2.767350e+003,4.374171e-002
2.767832e+003,4.382667e-002
2.768314e+003,4.391594e-002
2.768796e+003,4.399630e-002
2.769278e+003,4.406013e-002
2.769760e+003,4.410430e-002
2.770243e+003,4.412913e-002
2.770725e+003,4.413633e-002
2.771207e+003,4.412872e-002
2.771689e+003,4.411044e-002
2.772171e+003,4.408759e-002
2.772653e+003,4.406944e-002
2.773135e+003,4.406780e-002
2.773617e+003,4.409275e-002
2.774100e+003,4.415048e-002
2.774582e+003,4.423843e-002
2.775064e+003,4.434524e-002
2.775546e+003,4.445108e-002
2.776028e+003,4.453441e-002
2.776510e+003,4.457837e-002
2.776992e+003,4.457557e-002
2.777474e+003,4.453206e-002
2.777957e+003,4.446563e-002
2.778438e+003,4.440218e-002
2.778921e+003,4.436595e-002
2.779403e+003,4.437446e-002
2.779885e+003,4.443418e-002
2.780367e+003,4.453958e-002
2.780849e+003,4.467605e-002
2.781331e+003,4.482495e-002
2.781813e+003,4.496970e-002
2.782295e+003,4.509811e-002
2.782778e+003,4.520350e-002
2.783260e+003,4.528427e-002
2.783742e+003,4.534079e-002
2.784224e+003,4.537440e-002
2.784706e+003,4.538583e-002
2.785188e+003,4.537705e-002
2.785670e+003,4.535256e-002
2.786152e+003,4.531978e-002
2.786635e+003,4.528950e-002
2.787117e+003,4.527317e-002
2.787599e+003,4.527926e-002
2.788081e+003,4.531106e-002
2.788563e+003,4.536499e-002
2.789045e+003,4.543206e-002
2.789527e+003,4.550095e-002
2.790009e+003,4.556239e-002
2.790491e+003,4.561320e-002
2.790974e+003,4.565676e-002
2.791456e+003,4.570189e-002
2.791938e+003,4.575813e-002
2.792420e+003,4.583225e-002
2.792902e+003,4.592405e-002
2.793384e+003,4.602675e-002
2.793866e+003,4.612837e-002
2.794348e+003,4.621786e-002
2.794831e+003,4.628842e-002
2.795313e+003,4.634115e-002
2.795795e+003,4.638415e-002
2.796277e+003,4.642994e-002
2.796759e+003,4.649142e-002
2.797241e+003,4.657624e-002
2.797723e+003,4.668568e-002
2.798205e+003,4.681491e-002
2.798688e+003,4.695531e-002
2.799170e+003,4.709797e-002
2.799652e+003,4.723601e-002
2.800134e+003,4.736606e-002
2.800616e+003,4.748597e-002
2.801098e+003,4.759358e-002
2.801580e+003,4.768482e-002
2.802062e+003,4.775324e-002
2.802544e+003,4.779183e-002
2.803027e+003,4.779700e-002
2.803509e+003,4.777047e-002
2.803991e+003,4.772215e-002
2.804473e+003,4.766804e-002
2.804955e+003,4.762995e-002
2.805437e+003,4.762876e-002
2.805919e+003,4.768016e-002
2.806401e+003,4.779257e-002
2.806884e+003,4.796402e-002
2.807366e+003,4.818436e-002
2.807848e+003,4.843654e-002
2.808330e+003,4.870205e-002
2.808812e+003,4.896454e-002
2.809294e+003,4.921117e-002
2.809776e+003,4.943587e-002
2.810258e+003,4.963807e-002
2.810740e+003,4.982113e-002
2.811223e+003,4.998995e-002
2.811705e+003,5.014809e-002
2.812187e+003,5.029621e-002
2.812669e+003,5.043162e-002
2.813151e+003,5.054901e-002
2.813633e+003,5.064308e-002
2.814115e+003,5.071121e-002
2.814597e+003,5.075594e-002
2.815080e+003,5.078689e-002
2.815562e+003,5.081787e-002
2.816044e+003,5.086775e-002
2.816526e+003,5.095585e-002
2.817008e+003,5.109745e-002
2.817490e+003,5.130319e-002
2.817972e+003,5.157626e-002
2.818454e+003,5.191224e-002
2.818937e+003,5.229935e-002
2.819418e+003,5.272118e-002
2.819901e+003,5.315973e-002
2.820383e+003,5.359652e-002
2.820865e+003,5.401730e-002
2.821347e+003,5.441419e-002
2.821829e+003,5.478561e-002
2.822311e+003,5.513694e-002
2.822793e+003,5.547757e-002
2.823275e+003,5.581836e-002
2.823758e+003,5.616801e-002
2.824240e+003,5.653073e-002
2.824722e+003,5.690645e-002
2.825204e+003,5.729294e-002
2.825686e+003,5.768771e-002
2.826168e+003,5.809196e-002
2.826650e+003,5.851059e-002
2.827132e+003,5.895153e-002
2.827615e+003,5.942270e-002
2.828097e+003,5.992774e-002
2.828579e+003,6.046394e-002
2.829061e+003,6.102208e-002
2.829543e+003,6.159047e-002
2.830025e+003,6.215925e-002
2.830507e+003,6.272560e-002
2.830989e+003,6.329660e-002
2.831471e+003,6.388924e-002
2.831954e+003,6.452598e-002
2.832436e+003,6.522837e-002
2.832918e+003,6.601343e-002
2.833400e+003,6.688841e-002
2.833882e+003,6.785269e-002
2.834364e+003,6.889950e-002
2.834846e+003,7.002132e-002
2.835328e+003,7.121429e-002
2.835811e+003,7.247987e-002
2.836292e+003,7.382558e-002
2.836775e+003,7.526299e-002
2.837257e+003,7.680611e-002
2.837739e+003,7.846969e-002
2.838221e+003,8.026944e-002
2.838703e+003,8.222395e-002
2.839185e+003,8.435561e-002
2.839667e+003,8.669202e-002
2.840149e+003,8.926649e-002
2.840632e+003,9.211494e-002
2.841114e+003,9.527297e-002
2.841596e+003,9.877160e-002
2.842078e+003,1.026331e-001
2.842560e+003,1.068667e-001
2.843042e+003,1.114631e-001
2.843524e+003,1.164008e-001
2.844006e+003,1.216403e-001
2.844489e+003,1.271292e-001
2.844971e+003,1.328152e-001
2.845453e+003,1.386438e-001
2.845935e+003,1.445661e-001
2.846417e+003,1.505383e-001
2.846899e+003,1.565126e-001
2.847381e+003,1.624260e-001
2.847863e+003,1.681919e-001
2.848345e+003,1.736948e-001
2.848828e+003,1.787979e-001
2.849310e+003,1.833601e-001
2.849792e+003,1.872544e-001
2.850274e+003,1.903844e-001
2.850756e+003,1.926895e-001
2.851238e+003,1.941432e-001
2.851720e+003,1.947432e-001
2.852202e+003,1.945041e-001
2.852685e+003,1.934604e-001
2.853167e+003,1.916675e-001
2.853649e+003,1.892038e-001
2.854131e+003,1.861744e-001
2.854613e+003,1.826963e-001
2.855095e+003,1.788867e-001
2.855577e+003,1.748521e-001
2.856059e+003,1.706706e-001
2.856542e+003,1.663925e-001
2.857024e+003,1.620432e-001
2.857506e+003,1.576333e-001
2.857988e+003,1.531723e-001
2.858470e+003,1.486814e-001
2.858952e+003,1.441971e-001
2.859434e+003,1.397735e-001
2.859916e+003,1.354737e-001
2.860398e+003,1.313525e-001
2.860881e+003,1.274538e-001
2.861363e+003,1.238015e-001
2.861845e+003,1.204008e-001
2.862327e+003,1.172501e-001
2.862809e+003,1.143490e-001
2.863291e+003,1.117031e-001
2.863773e+003,1.093252e-001
2.864255e+003,1.072263e-001
2.864738e+003,1.054040e-001
2.865220e+003,1.038356e-001
2.865702e+003,1.024773e-001
2.866184e+003,1.012759e-001
2.866666e+003,1.001801e-001
2.867148e+003,9.915866e-002
2.867630e+003,9.820834e-002
2.868112e+003,9.735116e-002
2.868594e+003,9.661987e-002
2.869077e+003,9.603922e-002
2.869559e+003,9.561118e-002
2.870041e+003,9.530619e-002
2.870523e+003,9.506868e-002
2.871005e+003,9.482849e-002
2.871487e+003,9.452477e-002
2.871969e+003,9.411764e-002
2.872451e+003,9.359431e-002
2.872934e+003,9.296668e-002
2.873416e+003,9.226014e-002
2.873898e+003,9.150407e-002
2.874380e+003,9.072198e-002
2.874862e+003,8.993363e-002
2.875344e+003,8.915821e-002
2.875826e+003,8.841421e-002
2.876308e+003,8.772309e-002
2.876791e+003,8.710258e-002
2.877272e+003,8.656134e-002
2.877755e+003,8.609700e-002
2.878237e+003,8.569854e-002
2.878719e+003,8.535534e-002
2.879201e+003,8.506666e-002
2.879683e+003,8.485088e-002
2.880165e+003,8.474165e-002
2.880647e+003,8.478333e-002
2.881129e+003,8.501242e-002
2.881612e+003,8.544184e-002
2.882094e+003,8.605242e-002
2.882576e+003,8.679479e-002
2.883058e+003,8.760415e-002
2.883540e+003,8.841175e-002
2.884022e+003,8.916868e-002
2.884504e+003,8.985363e-002
2.884986e+003,9.047243e-002
2.885469e+003,9.105092e-002
2.885951e+003,9.162298e-002
2.886433e+003,9.222318e-002
2.886915e+003,9.287822e-002
2.887397e+003,9.360777e-002
2.887879e+003,9.442715e-002
2.888361e+003,9.534621e-002
2.888843e+003,9.636854e-002
2.889325e+003,9.748907e-002
2.889808e+003,9.869273e-002
2.890290e+003,9.995526e-002
2.890772e+003,1.012501e-001
2.891254e+003,1.025598e-001
2.891736e+003,1.038822e-001
2.892218e+003,1.052346e-001
2.892700e+003,1.066458e-001
2.893182e+003,1.081470e-001
2.893665e+003,1.097541e-001
2.894146e+003,1.114584e-001
2.894629e+003,1.132228e-001
2.895111e+003,1.149903e-001
2.895593e+003,1.167028e-001
2.896075e+003,1.183114e-001
2.896557e+003,1.197946e-001
2.897039e+003,1.211604e-001
2.897521e+003,1.224436e-001
2.898003e+003,1.236944e-001
2.898486e+003,1.249655e-001
2.898968e+003,1.263053e-001
2.899450e+003,1.277485e-001
2.899932e+003,1.293129e-001
2.900414e+003,1.310014e-001
2.900896e+003,1.328035e-001
2.901378e+003,1.347006e-001
2.901860e+003,1.366701e-001
2.902343e+003,1.386937e-001
2.902825e+003,1.407623e-001
2.903307e+003,1.428788e-001
2.903789e+003,1.450569e-001
2.904271e+003,1.473169e-001
2.904753e+003,1.496788e-001
2.905235e+003,1.521565e-001
2.905717e+003,1.547561e-001
2.906199e+003,1.574786e-001
2.906682e+003,1.603272e-001
2.907164e+003,1.633121e-001
2.907646e+003,1.664545e-001
2.908128e+003,1.697811e-001
2.908610e+003,1.733188e-001
2.909092e+003,1.770845e-001
2.909574e+003,1.810812e-001
2.910056e+003,1.852955e-001
2.910539e+003,1.897020e-001
2.911021e+003,1.942696e-001
2.911503e+003,1.989542e-001
2.911985e+003,2.036967e-001
2.912467e+003,2.084176e-001
2.912949e+003,2.130063e-001
2.913431e+003,2.173397e-001
2.913913e+003,2.213089e-001
2.914396e+003,2.248518e-001
2.914878e+003,2.279873e-001
2.915360e+003,2.308163e-001
2.915842e+003,2.335122e-001
2.916324e+003,2.362492e-001
2.916806e+003,2.391479e-001
2.917288e+003,2.422285e-001
2.917770e+003,2.453958e-001
2.918252e+003,2.484643e-001
2.918735e+003,2.512082e-001
2.919217e+003,2.534374e-001
2.919699e+003,2.550265e-001
2.920181e+003,2.559272e-001
2.920663e+003,2.561456e-001
2.921145e+003,2.557117e-001
2.921627e+003,2.546555e-001
2.922109e+003,2.530028e-001
2.922592e+003,2.507948e-001
2.923074e+003,2.481077e-001
2.923556e+003,2.450527e-001
2.924038e+003,2.417683e-001
2.924520e+003,2.383855e-001
2.925002e+003,2.349901e-001
2.925484e+003,2.316103e-001
2.925966e+003,2.282162e-001
2.926448e+003,2.247475e-001
2.926931e+003,2.211362e-001
2.927413e+003,2.173382e-001
2.927895e+003,2.133446e-001
2.928377e+003,2.091767e-001
2.928859e+003,2.048754e-001
2.929341e+003,2.004878e-001
2.929823e+003,1.960601e-001
2.930305e+003,1.916322e-001
2.930788e+003,1.872374e-001
2.931270e+003,1.829080e-001
2.931752e+003,1.786706e-001
2.932234e+003,1.745463e-001
2.932716e+003,1.705475e-001
2.933198e+003,1.666753e-001
2.933680e+003,1.629208e-001
2.934162e+003,1.592709e-001
2.934645e+003,1.557169e-001
2.935126e+003,1.522615e-001
2.935609e+003,1.489251e-001
2.936091e+003,1.457402e-001
2.936573e+003,1.427473e-001
2.937055e+003,1.399808e-001
2.937537e+003,1.374527e-001
2.938019e+003,1.351461e-001
2.938501e+003,1.330102e-001
2.938983e+003,1.309743e-001
2.939466e+003,1.289554e-001
2.939948e+003,1.268817e-001
2.940430e+003,1.247116e-001
2.940912e+003,1.224395e-001
2.941394e+003,1.200990e-001
2.941876e+003,1.177500e-001
2.942358e+003,1.154697e-001
2.942840e+003,1.133320e-001
2.943323e+003,1.113916e-001
2.943805e+003,1.096860e-001
2.944287e+003,1.082291e-001
2.944769e+003,1.070169e-001
2.945251e+003,1.060331e-001
2.945733e+003,1.052534e-001
2.946215e+003,1.046481e-001
2.946697e+003,1.041835e-001
2.947179e+003,1.038260e-001
2.947662e+003,1.035458e-001
2.948144e+003,1.033194e-001
2.948626e+003,1.031339e-001
2.949108e+003,1.029857e-001
2.949590e+003,1.028765e-001
2.950072e+003,1.028061e-001
2.950554e+003,1.027669e-001
2.951036e+003,1.027407e-001
2.951519e+003,1.027031e-001
2.952000e+003,1.026298e-001
2.952483e+003,1.025067e-001
2.952965e+003,1.023354e-001
2.953447e+003,1.021321e-001
2.953929e+003,1.019177e-001
2.954411e+003,1.017040e-001
2.954893e+003,1.014809e-001
2.955375e+003,1.012136e-001
2.955857e+003,1.008536e-001
2.956340e+003,1.003489e-001
2.956822e+003,9.966640e-002
2.957304e+003,9.880289e-002
2.957786e+003,9.778392e-002
2.958268e+003,9.665374e-002
2.958750e+003,9.545586e-002
2.959232e+003,9.422387e-002
2.959714e+003,9.297271e-002
2.960197e+003,9.170391e-002
2.960679e+003,9.041765e-002
2.961161e+003,8.912188e-002
2.961643e+003,8.783652e-002
2.962125e+003,8.658837e-002
2.962607e+003,8.539876e-002
2.963089e+003,8.427191e-002
2.963571e+003,8.318925e-002
2.964053e+003,8.211514e-002
2.964536e+003,8.100896e-002
2.965018e+003,7.983971e-002
2.965500e+003,7.860197e-002
2.965982e+003,7.731795e-002
2.966464e+003,7.603255e-002
2.966946e+003,7.479523e-002
2.967428e+003,7.364780e-002
2.967910e+003,7.261059e-002
2.968393e+003,7.167646e-002
2.968875e+003,7.081532e-002
2.969357e+003,6.998411e-002
2.969839e+003,6.914239e-002
2.970321e+003,6.826004e-002
2.970803e+003,6.732742e-002
2.971285e+003,6.635563e-002
2.971767e+003,6.537437e-002
2.972250e+003,6.442407e-002
2.972732e+003,6.354323e-002
2.973214e+003,6.276326e-002
2.973696e+003,6.209719e-002
2.974178e+003,6.153733e-002
2.974660e+003,6.105580e-002
2.975142e+003,6.061261e-002
2.975624e+003,6.016624e-002
2.976106e+003,5.968133e-002
2.976589e+003,5.914037e-002
2.977071e+003,5.854637e-002
2.977553e+003,5.792177e-002
2.978035e+003,5.730109e-002
2.978517e+003,5.672150e-002
2.978999e+003,5.621580e-002
2.979481e+003,5.580192e-002
2.979963e+003,5.548184e-002
2.980446e+003,5.524144e-002
2.980928e+003,5.505618e-002
2.981410e+003,5.489496e-002
2.981892e+003,5.472653e-002
2.982374e+003,5.452748e-002
2.982856e+003,5.428389e-002
2.983338e+003,5.399479e-002
2.983820e+003,5.367178e-002
2.984302e+003,5.333602e-002
2.984785e+003,5.301322e-002
2.985267e+003,5.272402e-002
2.985749e+003,5.247984e-002
2.986231e+003,5.227727e-002
2.986713e+003,5.209967e-002
2.987195e+003,5.192050e-002
2.987677e+003,5.171401e-002
2.988159e+003,5.146467e-002
2.988642e+003,5.117301e-002
2.989124e+003,5.085838e-002
2.989606e+003,5.055307e-002
2.990088e+003,5.029795e-002
2.990570e+003,5.012971e-002
2.991052e+003,5.007361e-002
2.991534e+003,5.014093e-002
2.992016e+003,5.032572e-002
2.992499e+003,5.060878e-002
2.992980e+003,5.095882e-002
2.993463e+003,5.133964e-002
2.993945e+003,5.171510e-002
2.994427e+003,5.205138e-002
2.994909e+003,5.232544e-002
2.995391e+003,5.252577e-002
2.995873e+003,5.265490e-002
2.996355e+003,5.272665e-002
2.996837e+003,5.276284e-002
2.997320e+003,5.278847e-002
2.997802e+003,5.282334e-002
2.998284e+003,5.288131e-002
2.998766e+003,5.296773e-002
2.999248e+003,5.308203e-002
2.999730e+003,5.322064e-002
3.000212e+003,5.338085e-002
3.000694e+003,5.356140e-002
3.001177e+003,5.376166e-002
3.001659e+003,5.397857e-002
3.002141e+003,5.420488e-002
3.002623e+003,5.442739e-002
3.003105e+003,5.463026e-002
3.003587e+003,5.479934e-002
3.004069e+003,5.492629e-002
3.004551e+003,5.501156e-002
3.005033e+003,5.506429e-002
3.005516e+003,5.509953e-002
3.005998e+003,5.513285e-002
3.006480e+003,5.517563e-002
3.006962e+003,5.523262e-002
3.007444e+003,5.530082e-002
3.007926e+003,5.537047e-002
3.008408e+003,5.542536e-002
3.008890e+003,5.544615e-002
3.009373e+003,5.541234e-002
3.009854e+003,5.530398e-002
3.010337e+003,5.510778e-002
3.010819e+003,5.481929e-002
3.011301e+003,5.444681e-002
3.011783e+003,5.400975e-002
3.012265e+003,5.353625e-002
3.012747e+003,5.305678e-002
3.013229e+003,5.259543e-002
3.013711e+003,5.216657e-002
3.014194e+003,5.177322e-002
3.014676e+003,5.140936e-002
3.015158e+003,5.106553e-002
3.015640e+003,5.073337e-002
3.016122e+003,5.040939e-002
3.016604e+003,5.009440e-002
3.017086e+003,4.979081e-002
3.017568e+003,4.949982e-002
3.018051e+003,4.921985e-002
3.018533e+003,4.894743e-002
3.019015e+003,4.868023e-002
3.019497e+003,4.841944e-002
3.019979e+003,4.817060e-002
3.020461e+003,4.794079e-002
3.020943e+003,4.773455e-002
3.021425e+003,4.754892e-002
3.021907e+003,4.737158e-002
3.022390e+003,4.718308e-002
3.022872e+003,4.696451e-002
3.023354e+003,4.670508e-002
3.023836e+003,4.640846e-002
3.024318e+003,4.609388e-002
3.024800e+003,4.579210e-002
3.025282e+003,4.553818e-002
3.025764e+003,4.535861e-002
3.026247e+003,4.526594e-002
3.026729e+003,4.525641e-002
3.027211e+003,4.531325e-002
3.027693e+003,4.541245e-002
3.028175e+003,4.552852e-002
3.028657e+003,4.564080e-002
3.029139e+003,4.573213e-002
3.029621e+003,4.578858e-002
3.030104e+003,4.579985e-002
3.030586e+003,4.575840e-002
3.031068e+003,4.566342e-002
3.031550e+003,4.552273e-002
3.032032e+003,4.535428e-002
3.032514e+003,4.518392e-002
3.032996e+003,4.503726e-002
3.033478e+003,4.493536e-002
3.033960e+003,4.488677e-002
3.034443e+003,4.488517e-002
3.034925e+003,4.491072e-002
3.035407e+003,4.493603e-002
3.035889e+003,4.493530e-002
3.036371e+003,4.488804e-002
3.036853e+003,4.478630e-002
3.037335e+003,4.463386e-002
3.037817e+003,4.444436e-002
3.038300e+003,4.423672e-002
3.038782e+003,4.403009e-002
3.039264e+003,4.384204e-002
3.039746e+003,4.368450e-002
3.040228e+003,4.356376e-002
3.040710e+003,4.348044e-002
3.041192e+003,4.343110e-002
3.041674e+003,4.340912e-002
3.042156e+003,4.340774e-002
3.042639e+003,4.342168e-002
3.043121e+003,4.344778e-002
3.043603e+003,4.348529e-002
3.044085e+003,4.353321e-002
3.044567e+003,4.358877e-002
3.045049e+003,4.364430e-002
3.045531e+003,4.368850e-002
3.046013e+003,4.370737e-002
3.046496e+003,4.368881e-002
3.046978e+003,4.362853e-002
3.047460e+003,4.353268e-002
3.047942e+003,4.341898e-002
3.048424e+003,4.331062e-002
3.048906e+003,4.323255e-002
3.049388e+003,4.320158e-002
3.049870e+003,4.322204e-002
3.050353e+003,4.328449e-002
3.050834e+003,4.336938e-002
3.051317e+003,4.345524e-002
3.051799e+003,4.352164e-002
3.052281e+003,4.355773e-002
3.052763e+003,4.356191e-002
3.053245e+003,4.354122e-002
3.053727e+003,4.350703e-002
3.054209e+003,4.347178e-002
3.054691e+003,4.344687e-002
3.055174e+003,4.344044e-002
3.055656e+003,4.345834e-002
3.056138e+003,4.350405e-002
3.056620e+003,4.357852e-002
3.057102e+003,4.367937e-002
3.057584e+003,4.379931e-002
3.058066e+003,4.392596e-002
3.058548e+003,4.404256e-002
3.059031e+003,4.412933e-002
3.059513e+003,4.416975e-002
3.059995e+003,4.415187e-002
3.060477e+003,4.407289e-002
3.060959e+003,4.393981e-002
3.061441e+003,4.376888e-002
3.061923e+003,4.358300e-002
3.062405e+003,4.340661e-002
3.062887e+003,4.326443e-002
3.063370e+003,4.317653e-002
3.063852e+003,4.315510e-002
3.064334e+003,4.320325e-002
3.064816e+003,4.331266e-002
3.065298e+003,4.346477e-002
3.065780e+003,4.363053e-002
3.066262e+003,4.377636e-002
3.066744e+003,4.387018e-002
3.067227e+003,4.388526e-002
3.067708e+003,4.380783e-002
3.068191e+003,4.363955e-002
3.068673e+003,4.339768e-002
3.069155e+003,4.311065e-002
3.069637e+003,4.281190e-002
3.070119e+003,4.253503e-002
3.070601e+003,4.230551e-002
3.071083e+003,4.213856e-002
3.071565e+003,4.203924e-002
3.072048e+003,4.200440e-002
3.072530e+003,4.202659e-002
3.073012e+003,4.209719e-002
3.073494e+003,4.220938e-002
3.073976e+003,4.235670e-002
3.074458e+003,4.253123e-002
3.074940e+003,4.272159e-002
3.075422e+003,4.291027e-002
3.075905e+003,4.307399e-002
3.076387e+003,4.318902e-002
3.076869e+003,4.323391e-002
3.077351e+003,4.319600e-002
3.077833e+003,4.307567e-002
3.078315e+003,4.288776e-002
3.078797e+003,4.265827e-002
3.079279e+003,4.241813e-002
3.079761e+003,4.219823e-002
3.080244e+003,4.202172e-002
3.080726e+003,4.190009e-002
3.081208e+003,4.183388e-002
3.081690e+003,4.181595e-002
3.082172e+003,4.183672e-002
3.082654e+003,4.188785e-002
3.083136e+003,4.196531e-002
3.083618e+003,4.206883e-002
3.084101e+003,4.219890e-002
3.084583e+003,4.235209e-002
3.085065e+003,4.251955e-002
3.085547e+003,4.268505e-002
3.086029e+003,4.282987e-002
3.086511e+003,4.293816e-002
3.086993e+003,4.300242e-002
3.087475e+003,4.302764e-002
3.087958e+003,4.303149e-002
3.088440e+003,4.303928e-002
3.088922e+003,4.307333e-002
3.089404e+003,4.314611e-002
3.089886e+003,4.325397e-002
3.090368e+003,4.337819e-002
3.090850e+003,4.348936e-002
3.091332e+003,4.355788e-002
3.091814e+003,4.356544e-002
3.092297e+003,4.350908e-002
3.092779e+003,4.340322e-002
3.093261e+003,4.327213e-002
3.093743e+003,4.314355e-002
3.094225e+003,4.303896e-002
3.094707e+003,4.296833e-002
3.095189e+003,4.293152e-002
3.095671e+003,4.292300e-002
3.096154e+003,4.293847e-002
3.096636e+003,4.297863e-002
3.097118e+003,4.304974e-002
3.097600e+003,4.315785e-002
3.098082e+003,4.330296e-002
3.098564e+003,4.347306e-002
3.099046e+003,4.364464e-002
3.099528e+003,4.378571e-002
3.100010e+003,4.386728e-002
3.100493e+003,4.387303e-002
3.100975e+003,4.380550e-002
3.101457e+003,4.368564e-002
3.101939e+003,4.354445e-002
3.102421e+003,4.341343e-002
3.102903e+003,4.331113e-002
3.103385e+003,4.324035e-002
3.103867e+003,4.318843e-002
3.104350e+003,4.313610e-002
3.104832e+003,4.306629e-002
3.105314e+003,4.297199e-002
3.105796e+003,4.285926e-002
3.106278e+003,4.274453e-002
3.106760e+003,4.264818e-002
3.107242e+003,4.258530e-002
3.107724e+003,4.256096e-002
3.108207e+003,4.256919e-002
3.108688e+003,4.259768e-002
3.109171e+003,4.263227e-002
3.109653e+003,4.266395e-002
3.110135e+003,4.269141e-002
3.110617e+003,4.271870e-002
3.111099e+003,4.275114e-002
3.111581e+003,4.278969e-002
3.112063e+003,4.282780e-002
3.112545e+003,4.285162e-002
3.113028e+003,4.284498e-002
3.113510e+003,4.279407e-002
3.113992e+003,4.269466e-002
3.114474e+003,4.255343e-002
3.114956e+003,4.238801e-002
3.115438e+003,4.221994e-002
3.115920e+003,4.206816e-002
3.116402e+003,4.194415e-002
3.116885e+003,4.184798e-002
3.117367e+003,4.177308e-002
3.117849e+003,4.170931e-002
3.118331e+003,4.165038e-002
3.118813e+003,4.159725e-002
3.119295e+003,4.155762e-002
3.119777e+003,4.154189e-002
3.120259e+003,4.155721e-002
3.120741e+003,4.160297e-002
3.121224e+003,4.166888e-002
3.121706e+003,4.173838e-002
3.122188e+003,4.179442e-002
3.122670e+003,4.182881e-002
3.123152e+003,4.184552e-002
3.123634e+003,4.186114e-002
3.124116e+003,4.189766e-002
3.124598e+003,4.197476e-002
3.125081e+003,4.209938e-002
3.125563e+003,4.226165e-002
3.126045e+003,4.243434e-002
3.126527e+003,4.258124e-002
3.127009e+003,4.267007e-002
3.127491e+003,4.268007e-002
3.127973e+003,4.261243e-002
3.128455e+003,4.248691e-002
3.128938e+003,4.233871e-002
3.129419e+003,4.220525e-002
3.129902e+003,4.211651e-002
3.130384e+003,4.208929e-002
3.130866e+003,4.212292e-002
3.131348e+003,4.220307e-002
3.131830e+003,4.230639e-002
3.132312e+003,4.240923e-002
3.132794e+003,4.249423e-002
3.133276e+003,4.255362e-002
3.133759e+003,4.258926e-002
3.134241e+003,4.260962e-002
3.134723e+003,4.262534e-002
3.135205e+003,4.264357e-002
3.135687e+003,4.266599e-002
3.136169e+003,4.268734e-002
3.136651e+003,4.269778e-002
3.137133e+003,4.268490e-002
3.137615e+003,4.263730e-002
3.138098e+003,4.254825e-002
3.138580e+003,4.241695e-002
3.139062e+003,4.224964e-002
3.139544e+003,4.205812e-002
3.140026e+003,4.185976e-002
3.140508e+003,4.167648e-002
3.140990e+003,4.153076e-002
3.141472e+003,4.144699e-002
3.141955e+003,4.144545e-002
3.142437e+003,4.153741e-002
3.142919e+003,4.172098e-002
3.143401e+003,4.197645e-002
3.143883e+003,4.226898e-002
3.144365e+003,4.254929e-002
3.144847e+003,4.276646e-002
3.145329e+003,4.288132e-002
3.145812e+003,4.287415e-002
3.146294e+003,4.275412e-002
3.146776e+003,4.255652e-002
3.147258e+003,4.233691e-002
3.147740e+003,4.215228e-002
3.148222e+003,4.204741e-002
3.148704e+003,4.204462e-002
3.149186e+003,4.213699e-002
3.149668e+003,4.229326e-002
3.150151e+003,4.246533e-002
3.150633e+003,4.260522e-002
3.151115e+003,4.267283e-002
3.151597e+003,4.264389e-002
3.152079e+003,4.251449e-002
3.152561e+003,4.229807e-002
3.153043e+003,4.202363e-002
3.153525e+003,4.172660e-002
3.154008e+003,4.144789e-002
3.154490e+003,4.122677e-002
3.154972e+003,4.109214e-002
3.155454e+003,4.106141e-002
3.155936e+003,4.113465e-002
3.156418e+003,4.129477e-002
3.156900e+003,4.151044e-002
3.157382e+003,4.174211e-002
3.157865e+003,4.195346e-002
3.158347e+003,4.211520e-002
3.158829e+003,4.221269e-002
3.159311e+003,4.224588e-002
3.159793e+003,4.222735e-002
3.160275e+003,4.217679e-002
3.160757e+003,4.211534e-002
3.161239e+003,4.206314e-002
3.161721e+003,4.203501e-002
3.162204e+003,4.203904e-002
3.162686e+003,4.207578e-002
3.163168e+003,4.213778e-002
3.163650e+003,4.221070e-002
3.164132e+003,4.227526e-002
3.164614e+003,4.231447e-002
3.165096e+003,4.231783e-002
3.165578e+003,4.228739e-002
3.166061e+003,4.223860e-002
3.166542e+003,4.219720e-002
3.167025e+003,4.219190e-002
3.167507e+003,4.224323e-002
3.167989e+003,4.235729e-002
3.168471e+003,4.252246e-002
3.168953e+003,4.271403e-002
3.169435e+003,4.290027e-002
3.169917e+003,4.305246e-002
3.170399e+003,4.315291e-002
3.170882e+003,4.319408e-002
3.171364e+003,4.317691e-002
3.171846e+003,4.310513e-002
3.172328e+003,4.298132e-002
3.172810e+003,4.280614e-002
3.173292e+003,4.258150e-002
3.173774e+003,4.231566e-002
3.174256e+003,4.202544e-002
3.174739e+003,4.173474e-002
3.175221e+003,4.147256e-002
3.175703e+003,4.126391e-002
3.176185e+003,4.112409e-002
3.176667e+003,4.105752e-002
3.177149e+003,4.105833e-002
3.177631e+003,4.111620e-002
3.178113e+003,4.122121e-002
3.178595e+003,4.136790e-002
3.179078e+003,4.155439e-002
3.179560e+003,4.177687e-002
3.180042e+003,4.202566e-002
3.180524e+003,4.228128e-002
3.181006e+003,4.251530e-002
3.181488e+003,4.269760e-002
3.181970e+003,4.280301e-002
3.182452e+003,4.281890e-002
3.182935e+003,4.274940e-002
3.183417e+003,4.261442e-002
3.183899e+003,4.244554e-002
3.184381e+003,4.227464e-002
3.184863e+003,4.212834e-002
3.185345e+003,4.202086e-002
3.185827e+003,4.195050e-002
3.186309e+003,4.190169e-002
3.186792e+003,4.185000e-002
3.187273e+003,4.177181e-002
3.187756e+003,4.165006e-002
3.188238e+003,4.148327e-002
3.188720e+003,4.128754e-002
3.189202e+003,4.109676e-002
3.189684e+003,4.095303e-002
3.190166e+003,4.089342e-002
3.190648e+003,4.093994e-002
3.191130e+003,4.108851e-002
3.191613e+003,4.130936e-002
3.192095e+003,4.155172e-002
3.192577e+003,4.176208e-002
3.193059e+003,4.190063e-002
3.193541e+003,4.195125e-002
3.194023e+003,4.192705e-002
3.194505e+003,4.186243e-002
3.194987e+003,4.180116e-002
3.195469e+003,4.177713e-002
3.195952e+003,4.180433e-002
3.196434e+003,4.187370e-002
3.196916e+003,4.196003e-002
3.197398e+003,4.203385e-002
3.197880e+003,4.207494e-002
3.198362e+003,4.208132e-002
3.198844e+003,4.206925e-002
3.199326e+003,4.206586e-002
3.199809e+003,4.209575e-002
3.200291e+003,4.217350e-002
3.200773e+003,4.229569e-002
3.201255e+003,4.244354e-002
3.201737e+003,4.258728e-002
3.202219e+003,4.269527e-002
3.202701e+003,4.274615e-002
3.203183e+003,4.273143e-002
3.203666e+003,4.266073e-002
3.204148e+003,4.255728e-002
3.204630e+003,4.245403e-002
3.205112e+003,4.238321e-002
3.205594e+003,4.236611e-002
3.206076e+003,4.240886e-002
3.206558e+003,4.249782e-002
3.207040e+003,4.260433e-002
3.207522e+003,4.269002e-002
3.208005e+003,4.272075e-002
3.208487e+003,4.267674e-002
3.208969e+003,4.255836e-002
3.209451e+003,4.238596e-002
3.209933e+003,4.219256e-002
3.210415e+003,4.201394e-002
3.210897e+003,4.187499e-002
3.211379e+003,4.178555e-002
3.211862e+003,4.173996e-002
3.212344e+003,4.172327e-002
3.212826e+003,4.171730e-002
3.213308e+003,4.170712e-002
3.213790e+003,4.168529e-002
3.214272e+003,4.165024e-002
3.214754e+003,4.160549e-002
3.215236e+003,4.155714e-002
3.215719e+003,4.151435e-002
3.216201e+003,4.149011e-002
3.216683e+003,4.149948e-002
3.217165e+003,4.155851e-002
3.217647e+003,4.167651e-002
3.218129e+003,4.184971e-002
3.218611e+003,4.205566e-002
3.219093e+003,4.225532e-002
3.219575e+003,4.240564e-002
3.220058e+003,4.246911e-002
3.220540e+003,4.243121e-002
3.221022e+003,4.230399e-002
3.221504e+003,4.212395e-002
3.221986e+003,4.193673e-002
3.222468e+003,4.177986e-002
3.222950e+003,4.167430e-002
3.223432e+003,4.161788e-002
3.223915e+003,4.159365e-002
3.224396e+003,4.158189e-002
3.224879e+003,4.157506e-002
3.225361e+003,4.158192e-002
3.225843e+003,4.162546e-002
3.226325e+003,4.172757e-002
3.226807e+003,4.189541e-002
3.227289e+003,4.210946e-002
3.227771e+003,4.232684e-002
3.228253e+003,4.249119e-002
3.228736e+003,4.255076e-002
3.229218e+003,4.247959e-002
3.229700e+003,4.228514e-002
3.230182e+003,4.200806e-002
3.230664e+003,4.170667e-002
3.231146e+003,4.144527e-002
3.231628e+003,4.127653e-002
3.232110e+003,4.122860e-002
3.232593e+003,4.130673e-002
3.233075e+003,4.149432e-002
3.233557e+003,4.176193e-002
3.234039e+003,4.206990e-002
3.234521e+003,4.237550e-002
3.235003e+003,4.263977e-002
3.235485e+003,4.282843e-002
3.235967e+003,4.292220e-002
3.236449e+003,4.292106e-002
3.236932e+003,4.284606e-002
3.237414e+003,4.273446e-002
3.237896e+003,4.262683e-002
3.238378e+003,4.255769e-002
3.238860e+003,4.254066e-002
3.239342e+003,4.256699e-002
3.239824e+003,4.261082e-002
3.240306e+003,4.264478e-002
3.240789e+003,4.265466e-002
3.241271e+003,4.264863e-002
3.241753e+003,4.265553e-002
3.242235e+003,4.271250e-002
3.242717e+003,4.284726e-002
3.243199e+003,4.305898e-002
3.243681e+003,4.331258e-002
3.244163e+003,4.354207e-002
3.244646e+003,4.367784e-002
3.245127e+003,4.366624e-002
3.245610e+003,4.349361e-002
3.246092e+003,4.319068e-002
3.246574e+003,4.282282e-002
3.247056e+003,4.246640e-002
3.247538e+003,4.217837e-002
3.248020e+003,4.198582e-002
3.248502e+003,4.187763e-002
3.248984e+003,4.181721e-002
3.249467e+003,4.175739e-002
3.249949e+003,4.166262e-002
3.250431e+003,4.152169e-002
3.250913e+003,4.134775e-002
3.251395e+003,4.117047e-002
3.251877e+003,4.101923e-002
3.252359e+003,4.091360e-002
3.252841e+003,4.085661e-002
3.253323e+003,4.083882e-002
3.253806e+003,4.084827e-002
3.254288e+003,4.088175e-002
3.254770e+003,4.094770e-002
3.255252e+003,4.106427e-002
3.255734e+003,4.124610e-002
3.256216e+003,4.149295e-002
3.256698e+003,4.178074e-002
3.257180e+003,4.206600e-002
3.257663e+003,4.229539e-002
3.258145e+003,4.242082e-002
3.258627e+003,4.241876e-002
3.259109e+003,4.229529e-002
3.259591e+003,4.208608e-002
3.260073e+003,4.184148e-002
3.260555e+003,4.161592e-002
3.261037e+003,4.145385e-002
3.261520e+003,4.138162e-002
3.262002e+003,4.140943e-002
3.262484e+003,4.153507e-002
3.262966e+003,4.174848e-002
3.263448e+003,4.203151e-002
3.263930e+003,4.235502e-002
3.264412e+003,4.267960e-002
3.264894e+003,4.295126e-002
3.265376e+003,4.311297e-002
3.265859e+003,4.312174e-002
3.266341e+003,4.295933e-002
3.266823e+003,4.264648e-002
3.267305e+003,4.223865e-002
3.267787e+003,4.181965e-002
3.268269e+003,4.147372e-002
3.268751e+003,4.126343e-002
3.269233e+003,4.121626e-002
3.269716e+003,4.131703e-002
3.270198e+003,4.151867e-002
3.270680e+003,4.175686e-002
3.271162e+003,4.197323e-002
3.271644e+003,4.212870e-002
3.272126e+003,4.220599e-002
3.272608e+003,4.220922e-002
3.273090e+003,4.215455e-002
3.273573e+003,4.206416e-002
3.274055e+003,4.196021e-002
3.274537e+003,4.186619e-002
3.275019e+003,4.180759e-002
3.275501e+003,4.180760e-002
3.275983e+003,4.188365e-002
3.276465e+003,4.203733e-002
3.276947e+003,4.224949e-002
3.277429e+003,4.247884e-002
3.277912e+003,4.267053e-002
3.278394e+003,4.277455e-002
3.278876e+003,4.275674e-002
3.279358e+003,4.261283e-002
3.279840e+003,4.236693e-002
3.280322e+003,4.206617e-002
3.280804e+003,4.176422e-002
3.281286e+003,4.150388e-002
3.281769e+003,4.131176e-002
3.282250e+003,4.119448e-002
3.282733e+003,4.114429e-002
3.283215e+003,4.114893e-002
3.283697e+003,4.119693e-002
3.284179e+003,4.128030e-002
3.284661e+003,4.138936e-002
3.285143e+003,4.150897e-002
3.285625e+003,4.161647e-002
3.286107e+003,4.168185e-002
3.286590e+003,4.167845e-002
3.287072e+003,4.159170e-002
3.287554e+003,4.142617e-002
3.288036e+003,4.120662e-002
3.288518e+003,4.097296e-002
3.289000e+003,4.077091e-002
3.289482e+003,4.063694e-002
3.289964e+003,4.059216e-002
3.290447e+003,4.063853e-002
3.290929e+003,4.076211e-002
3.291411e+003,4.093743e-002
3.291893e+003,4.113424e-002
3.292375e+003,4.132571e-002
3.292857e+003,4.148844e-002
3.293339e+003,4.160745e-002
3.293821e+003,4.167720e-002
3.294303e+003,4.170171e-002
3.294786e+003,4.169429e-002
3.295268e+003,4.167370e-002
3.295750e+003,4.166197e-002
3.296232e+003,4.167664e-002
3.296714e+003,4.172549e-002
3.297196e+003,4.180422e-002
3.297678e+003,4.189786e-002
3.298160e+003,4.198669e-002
3.298643e+003,4.205202e-002
3.299125e+003,4.208216e-002
3.299607e+003,4.207512e-002
3.300089e+003,4.203503e-002
3.300571e+003,4.196716e-002
3.301053e+003,4.187380e-002
3.301535e+003,4.175129e-002
3.302017e+003,4.159270e-002
3.302500e+003,4.139453e-002
3.302981e+003,4.116301e-002
3.303464e+003,4.091972e-002
3.303946e+003,4.070162e-002
3.304428e+003,4.055743e-002
3.304910e+003,4.053403e-002
3.305392e+003,4.066817e-002
3.305874e+003,4.097451e-002
3.306356e+003,4.143879e-002
3.306838e+003,4.201433e-002
3.307321e+003,4.262345e-002
3.307803e+003,4.317586e-002
3.308285e+003,4.357567e-002
3.308767e+003,4.374630e-002
3.309249e+003,4.365189e-002
3.309731e+003,4.330367e-002
3.310213e+003,4.276430e-002
3.310695e+003,4.212680e-002
3.311177e+003,4.150538e-002
3.311660e+003,4.100420e-002
3.312142e+003,4.069113e-002
3.312624e+003,4.059100e-002
3.313106e+003,4.067823e-002
3.313588e+003,4.089352e-002
3.314070e+003,4.115797e-002
3.314552e+003,4.140268e-002
3.315034e+003,4.158603e-002
3.315517e+003,4.169701e-002
3.315999e+003,4.175279e-002
3.316481e+003,4.178448e-002
3.316963e+003,4.182283e-002
3.317445e+003,4.188378e-002
3.317927e+003,4.196367e-002
3.318409e+003,4.204229e-002
3.318891e+003,4.209281e-002
3.319374e+003,4.209269e-002
3.319856e+003,4.203133e-002
3.320338e+003,4.191647e-002
3.320820e+003,4.177061e-002
3.321302e+003,4.162722e-002
3.321784e+003,4.151852e-002
3.322266e+003,4.147065e-002
3.322748e+003,4.149500e-002
3.323230e+003,4.158599e-002
3.323713e+003,4.171934e-002
3.324195e+003,4.185792e-002
3.324677e+003,4.196169e-002
3.325159e+003,4.199305e-002
3.325641e+003,4.192956e-002
3.326123e+003,4.176948e-002
3.326605e+003,4.153403e-002
3.327087e+003,4.126310e-002
3.327570e+003,4.100337e-002
3.328052e+003,4.080141e-002
3.328534e+003,4.068854e-002
3.329016e+003,4.067603e-002
3.329498e+003,4.075376e-002
3.329980e+003,4.089644e-002
3.330462e+003,4.107254e-002
3.330944e+003,4.125065e-002
3.331427e+003,4.140891e-002
3.331909e+003,4.153636e-002
3.332391e+003,4.163041e-002
3.332873e+003,4.169212e-002
3.333355e+003,4.172181e-002
3.333837e+003,4.171487e-002
3.334319e+003,4.166430e-002
3.334801e+003,4.156495e-002
3.335283e+003,4.142003e-002
3.335766e+003,4.124505e-002
3.336248e+003,4.106891e-002
3.336730e+003,4.092973e-002
3.337212e+003,4.085963e-002
3.337694e+003,4.087760e-002
3.338176e+003,4.097822e-002
3.338658e+003,4.113193e-002
3.339140e+003,4.128899e-002
3.339623e+003,4.139483e-002
3.340104e+003,4.140901e-002
3.340587e+003,4.131757e-002
3.341069e+003,4.114265e-002
3.341551e+003,4.093421e-002
3.342033e+003,4.076115e-002
3.342515e+003,4.068634e-002
3.342997e+003,4.074525e-002
3.343479e+003,4.093746e-002
3.343961e+003,4.122479e-002
3.344444e+003,4.154713e-002
3.344926e+003,4.183616e-002
3.345408e+003,4.203914e-002
3.345890e+003,4.213038e-002
3.346372e+003,4.211119e-002
3.346854e+003,4.200253e-002
3.347336e+003,4.183231e-002
3.347818e+003,4.162524e-002
3.348301e+003,4.139754e-002
3.348783e+003,4.115975e-002
3.349265e+003,4.092645e-002
3.349747e+003,4.072092e-002
3.350229e+003,4.057614e-002
3.350711e+003,4.052843e-002
3.351193e+003,4.060191e-002
3.351675e+003,4.079691e-002
3.352157e+003,4.108175e-002
3.352640e+003,4.140198e-002
3.353122e+003,4.169042e-002
3.353604e+003,4.188785e-002
3.354086e+003,4.196563e-002
3.354568e+003,4.193030e-002
3.355050e+003,4.182196e-002
3.355532e+003,4.169354e-002
3.356014e+003,4.159512e-002
3.356497e+003,4.155194e-002
3.356979e+003,4.155900e-002
3.357461e+003,4.158776e-002
3.357943e+003,4.160252e-002
3.358425e+003,4.157968e-002
3.358907e+003,4.151686e-002
3.359389e+003,4.143437e-002
3.359871e+003,4.136290e-002
3.360354e+003,4.132906e-002
3.360835e+003,4.133832e-002
3.361318e+003,4.137062e-002
3.361800e+003,4.138619e-002
3.362282e+003,4.134444e-002
3.362764e+003,4.122536e-002
3.363246e+003,4.104279e-002
3.363728e+003,4.084641e-002
3.364210e+003,4.070894e-002
3.364692e+003,4.070584e-002
3.365175e+003,4.088183e-002
3.365657e+003,4.123396e-002
3.366139e+003,4.170261e-002
3.366621e+003,4.219115e-002
3.367103e+003,4.258827e-002
3.367585e+003,4.280056e-002
3.368067e+003,4.278606e-002
3.368549e+003,4.256170e-002
3.369031e+003,4.220370e-002
3.369514e+003,4.181855e-002
3.369996e+003,4.152504e-002
3.370478e+003,4.141865e-002
3.370960e+003,4.154418e-002
3.371442e+003,4.189161e-002
3.371924e+003,4.239449e-002
3.372406e+003,4.295535e-002
3.372888e+003,4.345969e-002
3.373371e+003,4.381055e-002
3.373853e+003,4.395296e-002
3.374335e+003,4.388070e-002
3.374817e+003,4.363988e-002
3.375299e+003,4.330995e-002
3.375781e+003,4.299245e-002
3.376263e+003,4.277742e-002
3.376745e+003,4.272104e-002
3.377228e+003,4.283589e-002
3.377710e+003,4.308439e-002
3.378192e+003,4.339261e-002
3.378674e+003,4.366426e-002
3.379156e+003,4.381349e-002
3.379638e+003,4.378389e-002
3.380120e+003,4.355955e-002
3.380602e+003,4.316872e-002
3.381084e+003,4.267203e-002
3.381567e+003,4.214841e-002
3.382049e+003,4.166767e-002
3.382531e+003,4.128088e-002
3.383013e+003,4.100923e-002
3.383495e+003,4.084491e-002
3.383977e+003,4.075806e-002
3.384459e+003,4.070868e-002
3.384941e+003,4.066347e-002
3.385424e+003,4.060239e-002
3.385906e+003,4.052521e-002
3.386388e+003,4.044963e-002
3.386870e+003,4.040573e-002
3.387352e+003,4.042657e-002
3.387834e+003,4.053564e-002
3.388316e+003,4.074087e-002
3.388798e+003,4.102537e-002
3.389281e+003,4.135085e-002
3.389763e+003,4.165745e-002
3.390245e+003,4.187894e-002
3.390727e+003,4.196022e-002
3.391209e+003,4.187130e-002
3.391691e+003,4.162377e-002
3.392173e+003,4.127255e-002
3.392655e+003,4.090936e-002
3.393137e+003,4.063277e-002
3.393620e+003,4.052022e-002
3.394102e+003,4.061204e-002
3.394584e+003,4.089875e-002
3.395066e+003,4.133087e-002
3.395548e+003,4.183033e-002
3.396030e+003,4.231870e-002
3.396512e+003,4.273214e-002
3.396994e+003,4.303671e-002
3.397477e+003,4.323302e-002
3.397958e+003,4.334628e-002
3.398441e+003,4.341088e-002
3.398923e+003,4.345190e-002
3.399405e+003,4.347741e-002
3.399887e+003,4.347804e-002
3.400369e+003,4.343575e-002
3.400851e+003,4.333319e-002
3.401333e+003,4.316505e-002
3.401815e+003,4.294080e-002
3.402298e+003,4.268473e-002
3.402780e+003,4.242855e-002
3.403262e+003,4.220230e-002
3.403744e+003,4.203098e-002
3.404226e+003,4.192894e-002
3.404708e+003,4.189956e-002
3.405190e+003,4.193543e-002
3.405672e+003,4.201896e-002
3.406155e+003,4.212480e-002
3.406637e+003,4.221964e-002
3.407119e+003,4.226920e-002
3.407601e+003,4.224616e-002
3.408083e+003,4.213697e-002
3.408565e+003,4.195090e-002
3.409047e+003,4.171862e-002
3.409529e+003,4.148977e-002
3.410011e+003,4.131505e-002
3.410494e+003,4.123209e-002
3.410976e+003,4.125284e-002
3.411458e+003,4.135514e-002
3.411940e+003,4.148831e-002
3.412422e+003,4.158395e-002
3.412904e+003,4.158226e-002
3.413386e+003,4.144803e-002
3.413868e+003,4.118461e-002
3.414351e+003,4.083295e-002
3.414833e+003,4.046321e-002
3.415315e+003,4.015481e-002
3.415797e+003,3.996898e-002
3.416279e+003,3.993756e-002
3.416761e+003,4.005206e-002
3.417243e+003,4.027193e-002
3.417725e+003,4.053246e-002
3.418208e+003,4.076611e-002
3.418689e+003,4.092322e-002
3.419172e+003,4.098037e-002
3.419654e+003,4.094880e-002
3.420136e+003,4.086549e-002
3.420618e+003,4.078249e-002
3.421100e+003,4.074424e-002
3.421582e+003,4.077256e-002
3.422064e+003,4.086336e-002
3.422546e+003,4.099011e-002
3.423029e+003,4.111740e-002
3.423511e+003,4.121153e-002
3.423993e+003,4.125357e-002
3.424475e+003,4.124272e-002
3.424957e+003,4.119503e-002
3.425439e+003,4.113568e-002
3.425921e+003,4.109113e-002
3.426403e+003,4.108349e-002
3.426885e+003,4.112263e-002
3.427368e+003,4.120953e-002
3.427850e+003,4.133547e-002
3.428332e+003,4.148770e-002
3.428814e+003,4.165074e-002
3.429296e+003,4.180736e-002
3.429778e+003,4.194178e-002
3.430260e+003,4.203959e-002
3.430742e+003,4.209255e-002
3.431225e+003,4.210345e-002
3.431707e+003,4.208973e-002
3.432189e+003,4.208268e-002
3.432671e+003,4.211716e-002
3.433153e+003,4.222447e-002
3.433635e+003,4.241634e-002
3.434117e+003,4.267706e-002
3.434599e+003,4.296089e-002
3.435082e+003,4.320135e-002
3.435564e+003,4.333274e-002
3.436046e+003,4.330334e-002
3.436528e+003,4.309771e-002
3.437010e+003,4.274006e-002
3.437492e+003,4.229045e-002
3.437974e+003,4.182417e-002
3.438456e+003,4.140847e-002
3.438938e+003,4.108880e-002
3.439421e+003,4.087545e-002
3.439903e+003,4.074819e-002
3.440385e+003,4.066730e-002
3.440867e+003,4.059485e-002
3.441349e+003,4.050844e-002
3.441831e+003,4.041196e-002
3.442313e+003,4.033208e-002
3.442795e+003,4.030845e-002
3.443278e+003,4.037825e-002
3.443760e+003,4.055905e-002
3.444242e+003,4.084055e-002
3.444724e+003,4.118128e-002
3.445206e+003,4.151646e-002
3.445688e+003,4.176262e-002
3.446170e+003,4.183767e-002
3.446652e+003,4.169141e-002
3.447135e+003,4.132149e-002
3.447617e+003,4.078453e-002
3.448099e+003,4.017554e-002
3.448581e+003,3.960802e-002
3.449063e+003,3.918186e-002
3.449545e+003,3.895883e-002
3.450027e+003,3.895934e-002
3.450509e+003,3.915489e-002
3.450991e+003,3.947885e-002
3.451474e+003,3.983787e-002
3.451956e+003,4.014019e-002
3.452438e+003,4.032439e-002
3.452920e+003,4.036972e-002
3.453402e+003,4.030348e-002
3.453884e+003,4.018248e-002
3.454366e+003,4.007608e-002
3.454848e+003,4.003334e-002
3.455331e+003,4.006944e-002
3.455813e+003,4.016165e-002
3.456295e+003,4.026397e-002
3.456777e+003,4.032961e-002
3.457259e+003,4.033089e-002
3.457741e+003,4.027523e-002
3.458223e+003,4.020368e-002
3.458705e+003,4.017941e-002
3.459188e+003,4.026254e-002
3.459669e+003,4.049425e-002
3.460152e+003,4.088354e-002
3.460634e+003,4.140668e-002
3.461116e+003,4.201470e-002
3.461598e+003,4.264631e-002
3.462080e+003,4.324700e-002
3.462562e+003,4.377186e-002
3.463044e+003,4.418983e-002
3.463526e+003,4.448154e-002
3.464009e+003,4.463306e-002
3.464491e+003,4.463668e-002
3.464973e+003,4.449529e-002
3.465455e+003,4.423089e-002
3.465937e+003,4.389014e-002
3.466419e+003,4.353486e-002
3.466901e+003,4.323484e-002
3.467383e+003,4.303943e-002
3.467865e+003,4.295973e-002
3.468348e+003,4.296014e-002
3.468830e+003,4.296835e-002
3.469312e+003,4.289944e-002
3.469794e+003,4.267870e-002
3.470276e+003,4.227450e-002
3.470758e+003,4.170939e-002
3.471240e+003,4.106038e-002
3.471722e+003,4.043340e-002
3.472205e+003,3.993646e-002
3.472687e+003,3.965685e-002
3.473169e+003,3.963464e-002
3.473651e+003,3.985937e-002
3.474133e+003,4.027290e-002
3.474615e+003,4.079336e-002
3.475097e+003,4.133080e-002
3.475579e+003,4.180860e-002
3.476062e+003,4.218066e-002
3.476543e+003,4.242563e-002
3.477026e+003,4.254394e-002
3.477508e+003,4.254940e-002
3.477990e+003,4.246243e-002
3.478472e+003,4.230829e-002
3.478954e+003,4.211359e-002
3.479436e+003,4.190789e-002
3.479918e+003,4.171972e-002
3.480400e+003,4.157076e-002
3.480883e+003,4.147267e-002
3.481365e+003,4.142324e-002
3.481847e+003,4.140830e-002
3.482329e+003,4.140761e-002
3.482811e+003,4.140487e-002
3.483293e+003,4.139379e-002
3.483775e+003,4.138063e-002
3.484257e+003,4.137990e-002
3.484740e+003,4.140829e-002
3.485222e+003,4.147720e-002
3.485704e+003,4.158469e-002
3.486186e+003,4.171416e-002
3.486668e+003,4.183382e-002
3.487150e+003,4.190785e-002
3.487632e+003,4.190774e-002
3.488114e+003,4.182163e-002
3.488596e+003,4.166100e-002
3.489079e+003,4.145810e-002
3.489561e+003,4.125657e-002
3.490043e+003,4.109506e-002
3.490525e+003,4.099718e-002
3.491007e+003,4.096257e-002
3.491489e+003,4.096734e-002
3.491971e+003,4.096959e-002
3.492453e+003,4.092250e-002
3.492936e+003,4.079223e-002
3.493418e+003,4.056840e-002
3.493900e+003,4.027426e-002
3.494382e+003,3.995996e-002
3.494864e+003,3.969574e-002
3.495346e+003,3.955076e-002
3.495828e+003,3.956925e-002
3.496310e+003,3.976177e-002
3.496792e+003,4.009914e-002
3.497275e+003,4.052724e-002
3.497757e+003,4.097970e-002
3.498239e+003,4.139990e-002
3.498721e+003,4.175409e-002
3.499203e+003,4.203009e-002
3.499685e+003,4.223635e-002
3.500167e+003,4.239250e-002
3.500649e+003,4.252242e-002
3.501132e+003,4.264458e-002
3.501614e+003,4.276657e-002
3.502096e+003,4.288349e-002
3.502578e+003,4.297897e-002
3.503060e+003,4.302956e-002
3.503542e+003,4.300963e-002
3.504024e+003,4.290000e-002
3.504506e+003,4.268745e-002
3.504989e+003,4.236679e-002
3.505471e+003,4.194153e-002
3.505953e+003,4.142430e-002
3.506435e+003,4.084086e-002
3.506917e+003,4.023087e-002
3.507399e+003,3.965235e-002
3.507881e+003,3.918029e-002
3.508363e+003,3.888675e-002
3.508845e+003,3.882734e-002
3.509328e+003,3.901621e-002
3.509810e+003,3.941870e-002
3.510292e+003,3.995738e-002
3.510774e+003,4.053645e-002
3.511256e+003,4.107219e-002
3.511738e+003,4.150169e-002
3.512220e+003,4.179616e-002
3.512702e+003,4.196023e-002
3.513185e+003,4.202452e-002
3.513667e+003,4.203417e-002
3.514149e+003,4.203097e-002
3.514631e+003,4.204413e-002
3.515113e+003,4.207729e-002
3.515595e+003,4.210973e-002
3.516077e+003,4.210182e-002
3.516559e+003,4.201242e-002
3.517042e+003,4.181545e-002
3.517523e+003,4.151209e-002
3.518006e+003,4.113537e-002
3.518488e+003,4.074119e-002
3.518970e+003,4.039489e-002
3.519452e+003,4.014596e-002
3.519934e+003,4.001804e-002
3.520416e+003,4.000384e-002
3.520898e+003,4.007130e-002
3.521380e+003,4.017531e-002
3.521863e+003,4.027176e-002
3.522345e+003,4.033432e-002
3.522827e+003,4.036064e-002
3.523309e+003,4.037230e-002
3.523791e+003,4.040016e-002
3.524273e+003,4.047514e-002
3.524755e+003,4.061647e-002
3.525237e+003,4.083138e-002
3.525719e+003,4.111975e-002
3.526202e+003,4.147846e-002
3.526684e+003,4.190048e-002
3.527166e+003,4.236874e-002
3.527648e+003,4.284876e-002
3.528130e+003,4.329062e-002
3.528612e+003,4.363011e-002
3.529094e+003,4.380900e-002
3.529576e+003,4.379361e-002
3.530059e+003,4.358403e-002
3.530541e+003,4.322181e-002
3.531023e+003,4.277951e-002
3.531505e+003,4.235070e-002
3.531987e+003,4.202026e-002
3.532469e+003,4.184227e-002
3.532951e+003,4.183026e-002
3.533433e+003,4.195039e-002
3.533916e+003,4.213087e-002
3.534397e+003,4.227189e-002
3.534880e+003,4.227717e-002
3.535362e+003,4.207456e-002
3.535844e+003,4.164035e-002
3.536326e+003,4.100853e-002
3.536808e+003,4.025803e-002
3.537290e+003,3.948919e-002
3.537772e+003,3.878948e-002
3.538254e+003,3.822614e-002
3.538737e+003,3.783963e-002
3.539219e+003,3.764372e-002
3.539701e+003,3.763172e-002
3.540183e+003,3.777996e-002
3.540665e+003,3.805571e-002
3.541147e+003,3.842010e-002
3.541629e+003,3.883532e-002
3.542111e+003,3.927114e-002
3.542594e+003,3.970134e-002
3.543076e+003,4.010275e-002
3.543558e+003,4.045335e-002
3.544040e+003,4.072839e-002
3.544522e+003,4.090447e-002
3.545004e+003,4.096811e-002
3.545486e+003,4.092615e-002
3.545968e+003,4.081250e-002
3.546450e+003,4.068309e-002
3.546933e+003,4.060531e-002
3.547415e+003,4.063533e-002
3.547897e+003,4.080575e-002
3.548379e+003,4.112446e-002
3.548861e+003,4.157558e-002
3.549343e+003,4.212649e-002
3.549825e+003,4.272716e-002
3.550307e+003,4.331644e-002
3.550790e+003,4.381868e-002
3.551272e+003,4.414953e-002
3.551754e+003,4.424093e-002
3.552236e+003,4.405988e-002
3.552718e+003,4.362714e-002
3.553200e+003,4.301127e-002
3.553682e+003,4.231422e-002
3.554164e+003,4.164881e-002
3.554646e+003,4.110890e-002
3.555129e+003,4.076692e-002
3.555611e+003,4.065619e-002
3.556093e+003,4.076422e-002
3.556575e+003,4.103470e-002
3.557057e+003,4.137635e-002
3.557539e+003,4.169350e-002
3.558021e+003,4.189981e-002
3.558503e+003,4.195013e-002
3.558986e+003,4.185139e-002
3.559468e+003,4.165833e-002
3.559950e+003,4.145110e-002
3.560432e+003,4.129970e-002
3.560914e+003,4.124444e-002
3.561396e+003,4.128017e-002
3.561878e+003,4.136882e-002
3.562360e+003,4.145601e-002
3.562843e+003,4.149777e-002
3.563325e+003,4.147515e-002
3.563807e+003,4.139943e-002
3.564289e+003,4.130927e-002
3.564771e+003,4.125707e-002
3.565253e+003,4.129516e-002
3.565735e+003,4.144638e-002
3.566217e+003,4.168425e-002
3.566699e+003,4.193247e-002
3.567182e+003,4.211042e-002
3.567664e+003,4.217379e-002
3.568146e+003,4.212625e-002
3.568628e+003,4.199834e-002
3.569110e+003,4.182170e-002
3.569592e+003,4.161975e-002
3.570074e+003,4.140764e-002
3.570556e+003,4.119930e-002
3.571039e+003,4.101099e-002
3.571521e+003,4.086070e-002
3.572003e+003,4.076755e-002
3.572485e+003,4.074462e-002
3.572967e+003,4.079345e-002
3.573449e+003,4.089938e-002
3.573931e+003,4.103181e-002
3.574413e+003,4.115186e-002
3.574896e+003,4.121732e-002
3.575377e+003,4.119505e-002
3.575860e+003,4.106916e-002
3.576342e+003,4.084036e-002
3.576824e+003,4.052701e-002
3.577306e+003,4.015963e-002
3.577788e+003,3.978166e-002
3.578270e+003,3.944243e-002
3.578752e+003,3.919186e-002
3.579234e+003,3.907635e-002
3.579717e+003,3.912612e-002
3.580199e+003,3.935041e-002
3.580681e+003,3.973361e-002
3.581163e+003,4.023841e-002
3.581645e+003,4.080915e-002
3.582127e+003,4.137813e-002
3.582609e+003,4.188283e-002
3.583091e+003,4.227006e-002
3.583573e+003,4.250656e-002
3.584056e+003,4.258497e-002
3.584538e+003,4.252673e-002
3.585020e+003,4.238628e-002
3.585502e+003,4.224313e-002
3.585984e+003,4.219924e-002
3.586466e+003,4.233893e-002
3.586948e+003,4.267373e-002
3.587430e+003,4.311130e-002
3.587913e+003,4.349826e-002
3.588395e+003,4.371523e-002
3.588877e+003,4.371581e-002
3.589359e+003,4.352484e-002
3.589841e+003,4.320133e-002
3.590323e+003,4.281445e-002
3.590805e+003,4.242636e-002
3.591287e+003,4.208206e-002
3.591770e+003,4.181308e-002
3.592251e+003,4.163005e-002
3.592734e+003,4.152533e-002
3.593216e+003,4.147961e-002
3.593698e+003,4.147391e-002
3.594180e+003,4.150166e-002
3.594662e+003,4.157235e-002
3.595144e+003,4.170348e-002
3.595626e+003,4.190633e-002
3.596108e+003,4.217367e-002
3.596591e+003,4.247573e-002
3.597073e+003,4.276539e-002
3.597555e+003,4.298520e-002
3.598037e+003,4.308637e-002
3.598519e+003,4.303642e-002
3.599001e+003,4.283199e-002
3.599483e+003,4.250328e-002
3.599965e+003,4.211162e-002
3.600448e+003,4.173566e-002
3.600930e+003,4.144324e-002
3.601412e+003,4.127812e-002
3.601894e+003,4.124854e-002
3.602376e+003,4.133213e-002
3.602858e+003,4.148771e-002
3.603340e+003,4.166797e-002
3.603822e+003,4.183337e-002
3.604304e+003,4.195248e-002
3.604787e+003,4.200914e-002
3.605269e+003,4.200337e-002
3.605751e+003,4.195094e-002
3.606233e+003,4.188024e-002
3.606715e+003,4.182289e-002
3.607197e+003,4.180649e-002
3.607679e+003,4.184118e-002
3.608161e+003,4.192046e-002
3.608644e+003,4.202991e-002
3.609126e+003,4.216271e-002
3.609608e+003,4.232596e-002
3.610090e+003,4.253895e-002
3.610572e+003,4.282093e-002
3.611054e+003,4.317980e-002
3.611536e+003,4.359698e-002
3.612018e+003,4.402270e-002
3.612500e+003,4.437927e-002
3.612983e+003,4.458191e-002
3.613465e+003,4.458125e-002
3.613947e+003,4.438056e-002
3.614429e+003,4.402784e-002
3.614911e+003,4.358345e-002
3.615393e+003,4.310211e-002
3.615875e+003,4.262502e-002
3.616357e+003,4.218301e-002
3.616840e+003,4.181282e-002
3.617322e+003,4.156052e-002
3.617804e+003,4.146937e-002
3.618286e+003,4.155558e-002
3.618768e+003,4.177549e-002
3.619250e+003,4.203089e-002
3.619732e+003,4.220203e-002
3.620214e+003,4.220884e-002
3.620697e+003,4.203798e-002
3.621179e+003,4.172763e-002
3.621661e+003,4.134484e-002
3.622143e+003,4.095687e-002
3.622625e+003,4.062190e-002
3.623107e+003,4.037432e-002
3.623589e+003,4.022098e-002
3.624071e+003,4.014539e-002
3.624553e+003,4.011341e-002
3.625036e+003,4.008598e-002
3.625518e+003,4.003075e-002
3.626000e+003,3.993620e-002
3.626482e+003,3.982044e-002
3.626964e+003,3.973756e-002
3.627446e+003,3.976527e-002
3.627928e+003,3.996949e-002
3.628410e+003,4.033202e-002
3.628893e+003,4.072801e-002
3.629375e+003,4.101060e-002
3.629857e+003,4.111738e-002
3.630339e+003,4.107694e-002
3.630821e+003,4.095086e-002
3.631303e+003,4.079891e-002
3.631785e+003,4.066488e-002
3.632267e+003,4.058265e-002
3.632750e+003,4.057389e-002
3.633231e+003,4.064449e-002
3.633714e+003,4.078335e-002
3.634196e+003,4.096249e-002
3.634678e+003,4.114729e-002
3.635160e+003,4.130227e-002
3.635642e+003,4.139929e-002
3.636124e+003,4.142212e-002
3.636606e+003,4.136650e-002
3.637088e+003,4.124352e-002
3.637571e+003,4.107839e-002
3.638053e+003,4.091035e-002
3.638535e+003,4.078072e-002
3.639017e+003,4.072259e-002
3.639499e+003,4.075470e-002
3.639981e+003,4.087639e-002
3.640463e+003,4.106997e-002
3.640945e+003,4.130381e-002
3.641427e+003,4.154138e-002
3.641910e+003,4.174963e-002
3.642392e+003,4.190547e-002
3.642874e+003,4.200238e-002
3.643356e+003,4.204801e-002
3.643838e+003,4.205871e-002
3.644320e+003,4.205154e-002
3.644802e+003,4.204036e-002
3.645284e+003,4.202931e-002
3.645767e+003,4.200820e-002
3.646249e+003,4.194446e-002
3.646731e+003,4.177814e-002
3.647213e+003,4.143344e-002
3.647695e+003,4.085451e-002
3.648177e+003,4.007049e-002
3.648659e+003,3.923186e-002
3.649141e+003,3.857387e-002
3.649624e+003,3.828381e-002
3.650105e+003,3.838869e-002
3.650588e+003,3.878084e-002
3.651070e+003,3.930438e-002
3.651552e+003,3.983857e-002
3.652034e+003,4.031141e-002
3.652516e+003,4.069500e-002
3.652998e+003,4.098754e-002
3.653480e+003,4.119589e-002
3.653962e+003,4.133378e-002
3.654445e+003,4.141905e-002
3.654927e+003,4.147598e-002
3.655409e+003,4.153278e-002
3.655891e+003,4.161415e-002
3.656373e+003,4.173290e-002
3.656855e+003,4.188235e-002
3.657337e+003,4.204345e-002
3.657819e+003,4.219141e-002
3.658302e+003,4.230535e-002
3.658784e+003,4.236812e-002
3.659266e+003,4.236691e-002
3.659748e+003,4.229608e-002
3.660230e+003,4.215679e-002
3.660712e+003,4.195838e-002
3.661194e+003,4.171619e-002
3.661676e+003,4.144949e-002
3.662158e+003,4.117861e-002
3.662641e+003,4.092149e-002
3.663123e+003,4.069453e-002
3.663605e+003,4.051130e-002
3.664087e+003,4.038068e-002
3.664569e+003,4.030630e-002
3.665051e+003,4.028484e-002
3.665533e+003,4.030698e-002
3.666015e+003,4.035769e-002
3.666498e+003,4.041976e-002
3.666980e+003,4.048069e-002
3.667462e+003,4.053611e-002
3.667944e+003,4.059764e-002
3.668426e+003,4.069426e-002
3.668908e+003,4.086414e-002
3.669390e+003,4.112106e-002
3.669872e+003,4.142703e-002
3.670354e+003,4.170202e-002
3.670837e+003,4.187637e-002
3.671319e+003,4.192096e-002
3.671801e+003,4.183716e-002
3.672283e+003,4.163908e-002
3.672765e+003,4.134135e-002
3.673247e+003,4.096163e-002
3.673729e+003,4.052782e-002
3.674211e+003,4.010252e-002
3.674694e+003,3.979699e-002
3.675176e+003,3.971964e-002
3.675658e+003,3.988550e-002
3.676140e+003,4.019861e-002
3.676622e+003,4.054729e-002
3.677104e+003,4.086524e-002
3.677586e+003,4.112750e-002
3.678068e+003,4.132575e-002
3.678551e+003,4.145103e-002
3.679033e+003,4.149466e-002
3.679515e+003,4.145646e-002
3.679997e+003,4.135016e-002
3.680479e+003,4.120452e-002
3.680961e+003,4.105365e-002
3.681443e+003,4.093255e-002
3.681925e+003,4.086578e-002
3.682407e+003,4.086253e-002
3.682890e+003,4.091673e-002
3.683372e+003,4.100826e-002
3.683854e+003,4.111046e-002
3.684336e+003,4.119687e-002
3.684818e+003,4.125253e-002
3.685300e+003,4.127817e-002
3.685782e+003,4.129177e-002
3.686264e+003,4.132551e-002
3.686747e+003,4.141878e-002
3.687229e+003,4.160824e-002
3.687711e+003,4.190697e-002
3.688193e+003,4.228119e-002
3.688675e+003,4.264329e-002
3.689157e+003,4.288813e-002
3.689639e+003,4.294543e-002
3.690121e+003,4.280812e-002
3.690604e+003,4.251974e-002
3.691085e+003,4.213971e-002
3.691568e+003,4.172007e-002
3.692050e+003,4.129613e-002
3.692532e+003,4.089002e-002
3.693014e+003,4.051786e-002
3.693496e+003,4.019260e-002
3.693978e+003,3.993218e-002
3.694460e+003,3.975846e-002
3.694942e+003,3.969169e-002
3.695425e+003,3.974651e-002
3.695907e+003,3.992118e-002
3.696389e+003,4.019471e-002
3.696871e+003,4.052882e-002
3.697353e+003,4.087742e-002
3.697835e+003,4.120084e-002
3.698317e+003,4.146602e-002
3.698799e+003,4.165110e-002
3.699281e+003,4.174341e-002
3.699764e+003,4.173749e-002
3.700246e+003,4.163869e-002
3.700728e+003,4.146738e-002
3.701210e+003,4.126365e-002
3.701692e+003,4.107687e-002
3.702174e+003,4.095081e-002
3.702656e+003,4.091065e-002
3.703138e+003,4.095780e-002
3.703621e+003,4.107693e-002
3.704103e+003,4.124345e-002
3.704585e+003,4.143128e-002
3.705067e+003,4.161552e-002
3.705549e+003,4.177347e-002
3.706031e+003,4.188910e-002
3.706513e+003,4.195230e-002
3.706995e+003,4.196053e-002
3.707478e+003,4.191681e-002
3.707959e+003,4.182888e-002
3.708442e+003,4.170717e-002
3.708924e+003,4.156267e-002
3.709406e+003,4.140945e-002
3.709888e+003,4.126557e-002
3.710370e+003,4.115088e-002
3.710852e+003,4.107960e-002
3.711334e+003,4.105106e-002
3.711816e+003,4.104915e-002
3.712299e+003,4.105090e-002
3.712781e+003,4.103949e-002
3.713263e+003,4.101016e-002
3.713745e+003,4.096867e-002
3.714227e+003,4.092728e-002
3.714709e+003,4.089937e-002
3.715191e+003,4.089709e-002
3.715673e+003,4.092748e-002
3.716156e+003,4.098967e-002
3.716638e+003,4.107496e-002
3.717120e+003,4.116751e-002
3.717602e+003,4.124872e-002
3.718084e+003,4.130239e-002
3.718566e+003,4.132345e-002
3.719048e+003,4.131946e-002
3.719530e+003,4.131027e-002
3.720012e+003,4.131972e-002
3.720495e+003,4.136780e-002
3.720977e+003,4.146387e-002
3.721459e+003,4.160117e-002
3.721941e+003,4.175823e-002
3.722423e+003,4.190663e-002
3.722905e+003,4.202431e-002
3.723387e+003,4.210246e-002
3.723869e+003,4.214622e-002
3.724352e+003,4.216813e-002
3.724834e+003,4.217881e-002
3.725316e+003,4.217857e-002
3.725798e+003,4.215663e-002
3.726280e+003,4.209427e-002
3.726762e+003,4.197619e-002
3.727244e+003,4.179922e-002
3.727726e+003,4.157368e-002
3.728208e+003,4.132113e-002
3.728691e+003,4.106763e-002
3.729173e+003,4.084703e-002
3.729655e+003,4.069722e-002
3.730137e+003,4.065769e-002
3.730619e+003,4.076429e-002
3.731101e+003,4.103322e-002
3.731583e+003,4.144640e-002
3.732065e+003,4.193626e-002
3.732548e+003,4.240289e-002
3.733030e+003,4.274061e-002
3.733512e+003,4.286272e-002
3.733994e+003,4.272785e-002
3.734476e+003,4.235801e-002
3.734958e+003,4.185371e-002
3.735440e+003,4.136114e-002
3.735922e+003,4.100902e-002
3.736405e+003,4.085157e-002
3.736887e+003,4.086640e-002
3.737369e+003,4.100021e-002
3.737851e+003,4.119773e-002
3.738333e+003,4.141652e-002
3.738815e+003,4.162237e-002
3.739297e+003,4.179010e-002
3.739779e+003,4.190626e-002
3.740261e+003,4.197112e-002
3.740744e+003,4.200296e-002
3.741226e+003,4.203450e-002
3.741708e+003,4.211228e-002
3.742190e+003,4.228307e-002
3.742672e+003,4.257653e-002
3.743154e+003,4.297363e-002
3.743636e+003,4.337518e-002
3.744118e+003,4.362600e-002
3.744601e+003,4.360742e-002
3.745083e+003,4.334179e-002
3.745565e+003,4.296068e-002
3.746047e+003,4.261923e-002
3.746529e+003,4.242670e-002
3.747011e+003,4.244130e-002
3.747493e+003,4.268649e-002
3.747975e+003,4.314449e-002
3.748458e+003,4.374753e-002
3.748939e+003,4.435053e-002
3.749422e+003,4.475677e-002
3.749904e+003,4.478295e-002
3.750386e+003,4.436843e-002
3.750868e+003,4.363269e-002
3.751350e+003,4.279734e-002
3.751832e+003,4.205432e-002
3.752314e+003,4.148751e-002
3.752796e+003,4.109681e-002
3.753279e+003,4.084526e-002
3.753761e+003,4.069451e-002
3.754243e+003,4.061924e-002
3.754725e+003,4.060567e-002
3.755207e+003,4.064595e-002
3.755689e+003,4.072897e-002
3.756171e+003,4.083433e-002
3.756653e+003,4.093321e-002
3.757135e+003,4.098943e-002
3.757618e+003,4.097353e-002
3.758100e+003,4.087654e-002
3.758582e+003,4.071826e-002
3.759064e+003,4.054294e-002
3.759546e+003,4.040053e-002
3.760028e+003,4.032987e-002
3.760510e+003,4.034407e-002
3.760992e+003,4.043328e-002
3.761475e+003,4.057695e-002
3.761957e+003,4.075285e-002
3.762439e+003,4.094251e-002
3.762921e+003,4.112666e-002
3.763403e+003,4.128389e-002
3.763885e+003,4.138875e-002
3.764367e+003,4.141390e-002
3.764849e+003,4.134392e-002
3.765332e+003,4.118714e-002
3.765813e+003,4.097837e-002
3.766296e+003,4.076424e-002
3.766778e+003,4.058963e-002
3.767260e+003,4.048872e-002
3.767742e+003,4.047978e-002
3.768224e+003,4.056561e-002
3.768706e+003,4.072937e-002
3.769188e+003,4.093636e-002
3.769670e+003,4.113872e-002
3.770153e+003,4.129416e-002
3.770635e+003,4.138246e-002
3.771117e+003,4.140490e-002
3.771599e+003,4.137551e-002
3.772081e+003,4.131005e-002
3.772563e+003,4.122237e-002
3.773045e+003,4.112336e-002
3.773527e+003,4.102232e-002
3.774010e+003,4.092952e-002
3.774492e+003,4.085407e-002
3.774974e+003,4.080227e-002
3.775456e+003,4.077625e-002
3.775938e+003,4.077395e-002
3.776420e+003,4.079060e-002
3.776902e+003,4.082268e-002
3.777384e+003,4.087202e-002
3.777866e+003,4.094623e-002
3.778349e+003,4.105666e-002
3.778831e+003,4.120851e-002
3.779313e+003,4.139302e-002
3.779795e+003,4.158621e-002
3.780277e+003,4.175937e-002
3.780759e+003,4.189111e-002
3.781241e+003,4.197189e-002
3.781723e+003,4.200389e-002
3.782206e+003,4.199491e-002
3.782688e+003,4.195461e-002
3.783170e+003,4.188818e-002
3.783652e+003,4.179521e-002
3.784134e+003,4.166992e-002
3.784616e+003,4.150769e-002
3.785098e+003,4.131203e-002
3.785580e+003,4.110048e-002
3.786063e+003,4.090046e-002
3.786545e+003,4.074426e-002
3.787027e+003,4.065806e-002
3.787509e+003,4.065257e-002
3.787991e+003,4.072003e-002
3.788473e+003,4.083350e-002
3.788955e+003,4.095701e-002
3.789437e+003,4.105303e-002
3.789919e+003,4.109800e-002
3.790402e+003,4.108902e-002
3.790884e+003,4.104425e-002
3.791366e+003,4.099552e-002
3.791848e+003,4.097473e-002
3.792330e+003,4.100695e-002
3.792812e+003,4.110288e-002
3.793294e+003,4.126120e-002
3.793776e+003,4.147249e-002
3.794259e+003,4.172435e-002
3.794741e+003,4.200268e-002
3.795223e+003,4.228657e-002
3.795705e+003,4.254670e-002
3.796187e+003,4.274812e-002
3.796669e+003,4.285928e-002
3.797151e+003,4.286662e-002
3.797633e+003,4.277971e-002
3.798115e+003,4.262870e-002
3.798598e+003,4.245515e-002
3.799080e+003,4.231195e-002
3.799562e+003,4.225990e-002
3.800044e+003,4.235078e-002
3.800526e+003,4.259702e-002
3.801008e+003,4.292693e-002
3.801490e+003,4.320446e-002
3.801972e+003,4.330795e-002
3.802455e+003,4.320820e-002
3.802937e+003,4.295303e-002
3.803419e+003,4.261075e-002
3.803901e+003,4.223700e-002
3.804383e+003,4.186556e-002
3.804865e+003,4.152138e-002
3.805347e+003,4.122406e-002
3.805829e+003,4.099110e-002
3.806312e+003,4.083757e-002
3.806793e+003,4.076617e-002
3.807276e+003,4.076234e-002
3.807758e+003,4.080013e-002
3.808240e+003,4.085596e-002
3.808722e+003,4.091432e-002
3.809204e+003,4.096826e-002
3.809686e+003,4.101701e-002
3.810168e+003,4.106401e-002
3.810650e+003,4.111581e-002
3.811133e+003,4.118058e-002
3.811615e+003,4.126715e-002
3.812097e+003,4.138322e-002
3.812579e+003,4.153406e-002
3.813061e+003,4.172133e-002
3.813543e+003,4.193927e-002
3.814025e+003,4.217282e-002
3.814507e+003,4.239039e-002
3.814990e+003,4.254493e-002
3.815472e+003,4.259022e-002
3.815954e+003,4.250713e-002
3.816436e+003,4.231919e-002
3.816918e+003,4.207210e-002
3.817400e+003,4.180895e-002
3.817882e+003,4.155592e-002
3.818364e+003,4.132279e-002
3.818846e+003,4.111623e-002
3.819329e+003,4.094816e-002
3.819811e+003,4.084138e-002
3.820293e+003,4.082617e-002
3.820775e+003,4.091866e-002
3.821257e+003,4.110069e-002
3.821739e+003,4.132986e-002
3.822221e+003,4.156723e-002
3.822703e+003,4.179287e-002
3.823186e+003,4.199824e-002
3.823667e+003,4.217837e-002
3.824150e+003,4.232545e-002
3.824632e+003,4.242472e-002
3.825114e+003,4.246009e-002
3.825596e+003,4.242092e-002
3.826078e+003,4.231098e-002
3.826560e+003,4.215356e-002
3.827042e+003,4.198493e-002
3.827524e+003,4.184227e-002
3.828007e+003,4.174903e-002
3.828489e+003,4.171343e-002
3.828971e+003,4.173077e-002
3.829453e+003,4.178771e-002
3.829935e+003,4.186527e-002
3.830417e+003,4.193980e-002
3.830899e+003,4.198977e-002
3.831381e+003,4.199833e-002
3.831864e+003,4.195997e-002
3.832346e+003,4.188028e-002
3.832828e+003,4.177257e-002
3.833310e+003,4.165070e-002
3.833792e+003,4.152267e-002
3.834274e+003,4.138833e-002
3.834756e+003,4.123793e-002
3.835238e+003,4.105601e-002
3.835720e+003,4.082606e-002
3.836203e+003,4.054259e-002
3.836685e+003,4.022229e-002
3.837167e+003,3.991297e-002
3.837649e+003,3.968598e-002
3.838131e+003,3.960837e-002
3.838613e+003,3.971006e-002
3.839095e+003,3.996206e-002
3.839577e+003,4.029285e-002
3.840060e+003,4.062045e-002
3.840542e+003,4.088913e-002
3.841024e+003,4.107786e-002
3.841506e+003,4.119326e-002
3.841988e+003,4.125934e-002
3.842470e+003,4.130154e-002
3.842952e+003,4.133615e-002
3.843434e+003,4.136267e-002
3.843917e+003,4.136509e-002
3.844399e+003,4.132043e-002
3.844881e+003,4.121288e-002
3.845363e+003,4.103785e-002
3.845845e+003,4.080506e-002
3.846327e+003,4.053272e-002
3.846809e+003,4.024451e-002
3.847291e+003,3.996543e-002
3.847773e+003,3.971439e-002
3.848256e+003,3.950471e-002
3.848738e+003,3.934093e-002
3.849220e+003,3.921898e-002
3.849702e+003,3.912922e-002
3.850184e+003,3.906142e-002
3.850666e+003,3.901232e-002
3.851148e+003,3.899238e-002
3.851630e+003,3.903180e-002
3.852113e+003,3.917645e-002
3.852595e+003,3.945490e-002
3.853077e+003,3.982887e-002
3.853559e+003,4.020409e-002
3.854041e+003,4.050614e-002
3.854523e+003,4.072173e-002
3.855005e+003,4.087131e-002
3.855487e+003,4.097918e-002
3.855969e+003,4.106050e-002
3.856452e+003,4.112169e-002
3.856934e+003,4.116330e-002
3.857416e+003,4.118500e-002
3.857898e+003,4.118732e-002
3.858380e+003,4.117477e-002
3.858862e+003,4.115574e-002
3.859344e+003,4.114377e-002
3.859826e+003,4.115817e-002
3.860309e+003,4.122022e-002
3.860791e+003,4.135059e-002
3.861273e+003,4.155977e-002
3.861755e+003,4.183915e-002
3.862237e+003,4.215192e-002
3.862719e+003,4.243258e-002
3.863201e+003,4.260479e-002
3.863683e+003,4.260415e-002
3.864166e+003,4.241435e-002
3.864647e+003,4.208212e-002
3.865130e+003,4.170118e-002
3.865612e+003,4.136743e-002
3.866094e+003,4.114172e-002
3.866576e+003,4.105105e-002
3.867058e+003,4.109308e-002
3.867540e+003,4.125048e-002
3.868022e+003,4.148915e-002
3.868504e+003,4.175433e-002
3.868987e+003,4.197384e-002
3.869469e+003,4.207264e-002
3.869951e+003,4.202292e-002
3.870433e+003,4.185861e-002
3.870915e+003,4.164565e-002
3.871397e+003,4.143782e-002
3.871879e+003,4.126320e-002
3.872361e+003,4.113465e-002
3.872844e+003,4.105650e-002
3.873326e+003,4.102856e-002
3.873808e+003,4.104288e-002
3.874290e+003,4.108198e-002
3.874772e+003,4.112125e-002
3.875254e+003,4.113702e-002
3.875736e+003,4.111476e-002
3.876218e+003,4.104934e-002
3.876700e+003,4.094416e-002
3.877183e+003,4.080907e-002
3.877665e+003,4.065927e-002
3.878147e+003,4.051538e-002
3.878629e+003,4.039799e-002
3.879111e+003,4.032471e-002
3.879593e+003,4.030132e-002
3.880075e+003,4.031847e-002
3.880557e+003,4.035494e-002
3.881040e+003,4.039076e-002
3.881521e+003,4.041746e-002
3.882004e+003,4.043701e-002
3.882486e+003,4.045578e-002
3.882968e+003,4.047815e-002
3.883450e+003,4.050381e-002
3.883932e+003,4.052840e-002
3.884414e+003,4.054620e-002
3.884896e+003,4.055522e-002
3.885378e+003,4.056129e-002
3.885861e+003,4.057397e-002
3.886343e+003,4.060142e-002
3.886825e+003,4.064280e-002
3.887307e+003,4.069020e-002
3.887789e+003,4.073019e-002
3.888271e+003,4.074853e-002
3.888753e+003,4.073134e-002
3.889235e+003,4.066706e-002
3.889718e+003,4.055142e-002
3.890200e+003,4.039082e-002
3.890682e+003,4.020630e-002
3.891164e+003,4.002423e-002
3.891646e+003,3.986782e-002
3.892128e+003,3.974426e-002
3.892610e+003,3.964801e-002
3.893092e+003,3.956805e-002
3.893574e+003,3.949558e-002
3.894057e+003,3.942675e-002
3.894539e+003,3.936132e-002
3.895021e+003,3.929920e-002
3.895503e+003,3.923897e-002
3.895985e+003,3.917686e-002
3.896467e+003,3.910768e-002
3.896949e+003,3.902849e-002
3.897431e+003,3.894374e-002
3.897914e+003,3.886955e-002
3.898396e+003,3.883426e-002
3.898878e+003,3.887557e-002
3.899360e+003,3.902548e-002
3.899842e+003,3.929612e-002
3.900324e+003,3.967195e-002
3.900806e+003,4.011378e-002
3.901288e+003,4.056938e-002
3.901771e+003,4.097902e-002
3.902253e+003,4.128963e-002
3.902735e+003,4.146221e-002
3.903217e+003,4.148230e-002
3.903699e+003,4.136999e-002
3.904181e+003,4.117441e-002
3.904663e+003,4.095724e-002
3.905145e+003,4.076634e-002
3.905627e+003,4.062600e-002
3.906110e+003,4.053994e-002
3.906592e+003,4.049801e-002
3.907074e+003,4.048564e-002
3.907556e+003,4.048787e-002
3.908038e+003,4.049286e-002
3.908520e+003,4.049179e-002
3.909002e+003,4.047925e-002
3.909484e+003,4.045375e-002
3.909967e+003,4.041826e-002
3.910449e+003,4.037951e-002
3.910931e+003,4.034707e-002
3.911413e+003,4.033267e-002
3.911895e+003,4.034693e-002
3.912377e+003,4.039638e-002
3.912859e+003,4.048227e-002
3.913341e+003,4.059903e-002
3.913823e+003,4.073582e-002
3.914306e+003,4.087587e-002
3.914788e+003,4.099948e-002
3.915270e+003,4.108896e-002
3.915752e+003,4.113217e-002
3.916234e+003,4.112870e-002
3.916716e+003,4.109043e-002
3.917198e+003,4.103590e-002
3.917680e+003,4.097946e-002
3.918163e+003,4.092393e-002
3.918645e+003,4.085897e-002
3.919127e+003,4.076742e-002
3.919609e+003,4.063414e-002
3.920091e+003,4.045419e-002
3.920573e+003,4.023615e-002
3.921055e+003,4.000223e-002
3.921537e+003,3.978338e-002
3.922020e+003,3.960935e-002
3.922501e+003,3.950548e-002
3.922984e+003,3.948468e-002
3.923466e+003,3.954248e-002
3.923948e+003,3.965520e-002
3.924430e+003,3.978748e-002
3.924912e+003,3.990858e-002
3.925394e+003,4.000435e-002
3.925876e+003,4.008052e-002
3.926358e+003,4.015446e-002
3.926841e+003,4.024588e-002
3.927323e+003,4.036668e-002
3.927805e+003,4.051660e-002
3.928287e+003,4.068285e-002
3.928769e+003,4.084371e-002
3.929251e+003,4.097691e-002
3.929733e+003,4.106725e-002
3.930215e+003,4.111297e-002
3.930698e+003,4.112360e-002
3.931180e+003,4.111290e-002
3.931662e+003,4.108786e-002
3.932144e+003,4.104229e-002
3.932626e+003,4.095986e-002
3.933108e+003,4.082489e-002
3.933590e+003,4.063337e-002
3.934072e+003,4.039722e-002
3.934554e+003,4.014247e-002
3.935037e+003,3.990322e-002
3.935519e+003,3.971539e-002
3.936001e+003,3.960650e-002
3.936483e+003,3.959070e-002
3.936965e+003,3.966416e-002
3.937447e+003,3.980611e-002
3.937929e+003,3.998253e-002
3.938411e+003,4.015481e-002
3.938894e+003,4.029096e-002
3.939375e+003,4.036751e-002
3.939858e+003,4.037247e-002
3.940340e+003,4.030478e-002
3.940822e+003,4.017500e-002
3.941304e+003,4.000671e-002
3.941786e+003,3.983254e-002
3.942268e+003,3.969273e-002
3.942750e+003,3.962098e-002
3.943232e+003,3.963275e-002
3.943715e+003,3.972142e-002
3.944197e+003,3.986138e-002
3.944679e+003,4.002039e-002
3.945161e+003,4.016511e-002
3.945643e+003,4.027078e-002
3.946125e+003,4.032510e-002
3.946607e+003,4.032869e-002
3.947089e+003,4.029552e-002
3.947572e+003,4.024893e-002
3.948054e+003,4.021543e-002
3.948536e+003,4.021458e-002
3.949018e+003,4.025342e-002
3.949500e+003,4.032697e-002
3.949982e+003,4.042216e-002
3.950464e+003,4.052385e-002
3.950946e+003,4.061699e-002
3.951428e+003,4.068947e-002
3.951911e+003,4.073149e-002
3.952393e+003,4.073616e-002
3.952875e+003,4.070126e-002
3.953357e+003,4.063145e-002
3.953839e+003,4.054075e-002
3.954321e+003,4.045027e-002
3.954803e+003,4.038625e-002
3.955285e+003,4.037312e-002
3.955768e+003,4.042449e-002
3.956250e+003,4.053857e-002
3.956732e+003,4.069535e-002
3.957214e+003,4.086402e-002
3.957696e+003,4.100801e-002
3.958178e+003,4.109694e-002
3.958660e+003,4.111467e-002
3.959142e+003,4.106012e-002
3.959625e+003,4.094670e-002
3.960107e+003,4.079495e-002
3.960589e+003,4.062903e-002
3.961071e+003,4.046842e-002
3.961553e+003,4.032503e-002
3.962035e+003,4.020405e-002
3.962517e+003,4.010509e-002
3.962999e+003,4.002639e-002
3.963481e+003,3.996700e-002
3.963964e+003,3.992828e-002
3.964446e+003,3.991319e-002
3.964928e+003,3.992468e-002
3.965410e+003,3.996395e-002
3.965892e+003,4.002912e-002
3.966374e+003,4.011406e-002
3.966856e+003,4.020953e-002
3.967338e+003,4.030423e-002
3.967821e+003,4.038648e-002
3.968303e+003,4.044745e-002
3.968785e+003,4.048266e-002
3.969267e+003,4.049316e-002
3.969749e+003,4.048458e-002
3.970231e+003,4.046638e-002
3.970713e+003,4.044956e-002
3.971195e+003,4.044303e-002
3.971677e+003,4.045382e-002
3.972160e+003,4.048509e-002
3.972642e+003,4.053610e-002
3.973124e+003,4.060310e-002
3.973606e+003,4.067871e-002
3.974088e+003,4.075457e-002
3.974570e+003,4.082014e-002
3.975052e+003,4.086550e-002
3.975534e+003,4.088348e-002
3.976017e+003,4.087163e-002
3.976499e+003,4.083313e-002
3.976981e+003,4.077627e-002
3.977463e+003,4.071306e-002
3.977945e+003,4.065426e-002
3.978427e+003,4.060565e-002
3.978909e+003,4.056548e-002
3.979391e+003,4.052435e-002
3.979874e+003,4.046908e-002
3.980355e+003,4.038758e-002
3.980838e+003,4.027564e-002
3.981320e+003,4.014070e-002
3.981802e+003,4.000173e-002
3.982284e+003,3.988172e-002
3.982766e+003,3.980059e-002
3.983248e+003,3.976715e-002
3.983730e+003,3.977579e-002
3.984212e+003,3.980770e-002
3.984695e+003,3.983779e-002
3.985177e+003,3.984576e-002
3.985659e+003,3.982189e-002
3.986141e+003,3.977255e-002
3.986623e+003,3.971632e-002
3.987105e+003,3.967961e-002
3.987587e+003,3.968677e-002
3.988069e+003,3.975122e-002
3.988552e+003,3.987190e-002
3.989034e+003,4.003200e-002
3.989516e+003,4.020479e-002
3.989998e+003,4.035777e-002
3.990480e+003,4.046317e-002
3.990962e+003,4.050541e-002
3.991444e+003,4.048234e-002
3.991926e+003,4.040705e-002
3.992408e+003,4.030281e-002
3.992891e+003,4.020186e-002
3.993373e+003,4.013683e-002
3.993855e+003,4.013420e-002
3.994337e+003,4.020836e-002
3.994819e+003,4.035449e-002
3.995301e+003,4.054831e-002
3.995783e+003,4.074731e-002
3.996265e+003,4.090475e-002
3.996748e+003,4.097987e-002
3.997229e+003,4.094802e-002
3.997712e+003,4.080993e-002
3.998194e+003,4.059109e-002
3.998676e+003,4.033801e-002
3.999158e+003,4.010212e-002
3.999640e+003,3.992979e-002
4.000122e+003,3.985034e-002
